14.6340 9 IMU_ACCEL 1.036133 0.127930 -9.875000
14.6440 9 ACTUATORS 1490,1490,1000,1000
14.6640 9 RC 0,0,0,0,0,0,0,0,0,0,0,0,0,0,0,0
14.6840 9 AIR_DATA 100412.500000 0.000000 23.125000 997.856567 0.000000 -1.000000 -1.000000
14.7040 9 ATTITUDE -0.014417 0.942739 0.063943
14.7140 9 IMU_MAG -0.146973 1.341309 -1.152832
14.7240 9 IMU_GYRO 0.195801 -0.003174 -1.669678
14.7340 9 IMU_ACCEL 1.001953 0.142578 -9.989258
14.8140 9 IMU_MAG -0.405762 1.333496 -1.129395
14.8240 9 IMU_GYRO 0.228760 0.087158 -2.068848
14.8340 9 IMU_ACCEL 1.145508 0.137695 -10.075195
14.8940 9 ACTUATORS 1490,1490,1000,1000
14.9140 9 RC 0,0,0,0,0,0,0,0,0,0,0,0,0,0,0,0
14.9140 9 IMU_MAG -0.656738 1.277832 -1.083984
14.9240 9 IMU_GYRO 0.249023 0.130859 -2.140137
14.9340 9 AIR_DATA 100413.250000 0.000000 23.187500 997.856567 0.000000 -1.000000 -1.000000
14.9340 9 IMU_ACCEL 1.135742 0.099609 -10.027344
14.9540 9 ATTITUDE 0.006526 0.455311 0.072245
15.0140 9 IMU_MAG -0.871582 1.153809 -1.050781
15.0240 9 IMU_GYRO 0.235107 -0.067871 -1.903809
15.0340 9 IMU_ACCEL 1.241211 0.033203 -9.979492
15.1140 9 IMU_MAG -1.006836 1.027344 -1.045410
15.1240 9 IMU_GYRO 0.170166 -0.003174 -1.385498
15.1340 9 IMU_ACCEL 1.203125 -0.061523 -9.908203
15.1440 9 ACTUATORS 1490,1490,1000,1000
15.1640 9 RC 0,0,0,0,0,0,0,0,0,0,0,0,0,0,0,0
15.1840 9 AIR_DATA 100409.750000 0.000000 23.187500 997.856567 0.000000 -1.000000 -1.000000
15.2040 9 ATTITUDE 0.022164 0.072214 0.067131
15.2140 9 IMU_MAG -1.096680 0.897949 -1.029297
15.2240 9 IMU_GYRO 0.109375 0.062744 -0.678955
15.2340 9 IMU_ACCEL 1.198242 -0.071289 -9.913086
15.3140 9 IMU_MAG -1.110352 0.868164 -1.041992
15.3240 9 IMU_GYRO 0.016846 -0.087158 0.103027
15.3340 9 IMU_ACCEL 1.140625 -0.180664 -9.789062
15.3940 9 ACTUATORS 1490,1490,1000,1000
15.4140 9 RC 0,0,0,0,0,0,0,0,0,0,0,0,0,0,0,0
15.4140 9 IMU_MAG -1.054688 0.912598 -1.082031
15.4240 9 IMU_GYRO -0.052979 -0.020020 0.850098
15.4340 9 AIR_DATA 100408.000000 0.000000 23.187500 997.856567 0.000000 -1.000000 -1.000000
15.4340 9 IMU_ACCEL 1.231445 -0.132812 -9.865234
15.4540 9 ATTITUDE 0.024122 0.120231 0.050165
15.5140 9 IMU_MAG -0.943359 1.003418 -1.120117
15.5240 9 IMU_GYRO -0.131836 0.087158 1.459961
15.5340 9 IMU_ACCEL 1.188477 -0.180664 -10.002930
15.6140 9 IMU_MAG -0.758301 1.118652 -1.172852
15.6240 9 IMU_GYRO -0.184082 -0.040283 1.850586
15.6340 9 IMU_ACCEL 1.135742 -0.127930 -9.941406
15.6440 9 GPS 0 0 0 0 0 0 0 0 0 0 0
15.6440 9 SVINFO 0 0 0 0 0 0 0
15.6440 9 ACTUATORS 1490,1490,1000,1000
15.6640 9 RC 0,0,0,0,0,0,0,0,0,0,0,0,0,0,0,0
15.6840 9 AIR_DATA 100402.500000 0.000000 23.250000 997.856567 0.000000 -1.000000 -1.000000
15.7040 9 ATTITUDE 0.001687 0.546963 0.037881
15.7140 9 IMU_MAG -0.513184 1.202148 -1.214844
15.7240 9 IMU_GYRO -0.182861 -0.005127 1.978271
15.7340 9 IMU_ACCEL 1.150391 -0.223633 -10.045898
15.8140 9 IMU_MAG -0.298340 1.244629 -1.246094
15.8240 9 IMU_GYRO -0.180908 0.083008 1.794189
15.8340 9 IMU_ACCEL 1.059570 -0.099609 -10.032227
15.8940 9 ACTUATORS 1490,1490,1000,1000
15.9140 9 RC 0,0,0,0,0,0,0,0,0,0,0,0,0,0,0,0
15.9140 9 IMU_MAG -0.111328 1.248535 -1.254883
15.9240 9 IMU_GYRO -0.134033 -0.036133 1.359863
15.9340 9 AIR_DATA 100405.250000 0.000000 23.312500 997.856567 0.000000 -1.000000 -1.000000
15.9340 9 IMU_ACCEL 1.006836 -0.076172 -9.979492
15.9540 9 ATTITUDE -0.027326 0.989495 0.041793
16.0140 9 IMU_MAG 0.053711 1.198242 -1.262207
16.0240 9 IMU_GYRO -0.058350 -0.011475 0.742676
16.0340 9 IMU_ACCEL 0.973633 -0.124023 -9.898438
16.1140 9 IMU_MAG 0.097168 1.190918 -1.260254
16.1240 9 IMU_GYRO 0.015869 0.094482 0.032959
16.1340 9 IMU_ACCEL 0.993164 0.008789 -9.870117
16.1440 9 ACTUATORS 1490,1490,1000,1000
16.1640 9 RC 0,0,0,0,0,0,0,0,0,0,0,0,0,0,0,0
16.1840 9 AIR_DATA 100410.000000 0.000000 23.375000 997.856567 0.000000 -1.000000 -1.000000
16.2040 9 ATTITUDE -0.033218 1.089698 0.043901
16.2140 9 IMU_MAG 0.067383 1.203613 -1.251465
16.2240 9 IMU_GYRO 0.099854 -0.015869 -0.664062
16.2340 9 IMU_ACCEL 1.006836 -0.003906 -9.855469
16.3140 9 IMU_MAG -0.023438 1.235352 -1.240234
16.3240 9 IMU_GYRO 0.162598 0.027588 -1.256836
16.3340 9 IMU_ACCEL 0.950195 0.033203 -9.936523
16.3940 9 ACTUATORS 1490,1490,1000,1000
16.4140 9 RC 0,0,0,0,0,0,0,0,0,0,0,0,0,0,0,0
16.4140 9 IMU_MAG -0.244629 1.263184 -1.198730
16.4240 9 IMU_GYRO 0.197754 0.146729 -1.651611
16.4340 9 AIR_DATA 100402.750000 0.000000 23.375000 997.856567 0.000000 -1.000000 -1.000000
16.4340 9 IMU_ACCEL 1.044922 0.109375 -10.007812
16.4540 9 ATTITUDE -0.011820 0.794244 0.042687
16.5140 9 IMU_MAG -0.461426 1.253906 -1.165527
16.5240 9 IMU_GYRO 0.211670 0.058350 -1.801514
16.5340 9 IMU_ACCEL 1.126953 0.132812 -10.007812
16.6140 9 IMU_MAG -0.678711 1.185059 -1.122070
16.6240 9 IMU_GYRO 0.186035 0.063721 -1.688721
16.6340 9 IMU_ACCEL 1.117188 0.104492 -10.093750
16.6440 9 ACTUATORS 1490,1490,1000,1000
16.6640 9 ENERGY 12.000000 0.000000 0 0.000000
16.6640 9 GPS 0 0 0 0 0 0 0 0 0 0 0
16.6640 9 SVINFO 0 0 0 0 0 0 0
16.6640 9 RC 0,0,0,0,0,0,0,0,0,0,0,0,0,0,0,0
16.6840 9 AIR_DATA 100402.000000 0.000000 23.375000 997.856567 0.000000 -1.000000 -1.000000
16.7040 9 ATTITUDE 0.011234 0.380987 0.055339
16.7140 9 IMU_MAG -0.885742 1.094238 -1.069336
16.7240 9 IMU_GYRO 0.150879 0.150879 -1.320557
16.7340 9 IMU_ACCEL 1.140625 0.061523 -9.956055
16.8140 9 IMU_MAG -1.032715 0.988770 -1.032715
16.8240 9 IMU_GYRO 0.094482 0.031738 -0.773682
16.8340 9 IMU_ACCEL 1.117188 0.028320 -9.893555
16.8940 9 ACTUATORS 1490,1490,1000,1000
16.9140 9 RC 0,0,0,0,0,0,0,0,0,0,0,0,0,0,0,0
16.9140 9 IMU_MAG -1.084473 0.936523 -1.010742
16.9240 9 IMU_GYRO 0.016846 0.011475 -0.126465
16.9340 9 AIR_DATA 100408.500000 0.000000 23.437500 997.856567 0.000000 -1.000000 -1.000000
16.9340 9 IMU_ACCEL 1.092773 0.013672 -9.832031
16.9540 9 ATTITUDE 0.015290 0.216550 0.064353
17.0140 9 IMU_MAG -1.088379 0.935059 -1.003418
17.0240 9 IMU_GYRO -0.044678 0.102051 0.528809
17.0340 9 IMU_ACCEL 1.155273 0.023438 -9.898438
17.1140 9 IMU_MAG -1.048828 0.999512 -1.018066
17.1240 9 IMU_GYRO -0.095703 -0.009521 1.093994
17.1340 9 IMU_ACCEL 1.140625 -0.033203 -9.941406
17.1440 9 ACTUATORS 1490,1490,1000,1000
17.1640 9 RC 0,0,0,0,0,0,0,0,0,0,0,0,0,0,0,0
17.1840 9 AIR_DATA 100403.000000 0.000000 23.500000 997.856567 0.000000 -1.000000 -1.000000
17.2040 9 ATTITUDE 0.005356 0.438128 0.060848
17.2140 9 IMU_MAG -0.919434 1.105469 -1.052734
17.2240 9 IMU_GYRO -0.134033 -0.037109 1.499268
17.2340 9 IMU_ACCEL 1.212891 0.033203 -10.002930
17.3140 9 IMU_MAG -0.724121 1.214844 -1.087402
17.3240 9 IMU_GYRO -0.159424 0.079590 1.662109
17.3340 9 IMU_ACCEL 1.117188 -0.051758 -9.999023
17.3940 9 ACTUATORS 1490,1490,1000,1000
17.4140 9 RC 0,0,0,0,0,0,0,0,0,0,0,0,0,0,0,0
17.4140 9 IMU_MAG -0.553223 1.277832 -1.134766
17.4240 9 IMU_GYRO -0.156250 -0.004150 1.568604
17.4340 9 AIR_DATA 100395.500000 0.000000 23.500000 997.856567 0.000000 -1.000000 -1.000000
17.4340 9 IMU_ACCEL 1.107422 0.000000 -10.060547
17.4540 9 ATTITUDE -0.013253 0.853848 0.059478
17.5140 9 IMU_MAG -0.379883 1.320801 -1.180176
17.5240 9 IMU_GYRO -0.126465 -0.027588 1.272705
17.5340 9 IMU_ACCEL 1.036133 -0.028320 -9.994141
17.6140 9 IMU_MAG -0.176758 1.313477 -1.212891
17.6240 9 IMU_GYRO -0.075439 0.077637 0.781006
17.6340 9 IMU_ACCEL 1.069336 -0.127930 -9.916992
17.6440 9 ACTUATORS 1490,1490,1000,1000
17.6640 9 RC 0,0,0,0,0,0,0,0,0,0,0,0,0,0,0,0
17.6840 9 GPS 0 0 0 0 0 0 0 0 0 0 0
17.6840 9 SVINFO 0 0 0 0 0 0 0
17.6840 9 AIR_DATA 100401.750000 0.000000 23.562500 997.856567 0.000000 -1.000000 -1.000000
17.7040 9 ATTITUDE -0.027063 1.114191 0.059793
17.7140 9 IMU_MAG -0.095215 1.292969 -1.234863
17.7240 9 IMU_GYRO -0.014893 -0.008301 0.189209
17.7340 9 IMU_ACCEL 1.021484 -0.094727 -9.946289
17.8140 9 IMU_MAG -0.071289 1.279785 -1.247559
17.8240 9 IMU_GYRO 0.051025 -0.054199 -0.426514
17.8340 9 IMU_ACCEL 1.079102 -0.137695 -9.913086
17.8940 9 ACTUATORS 1490,1490,1000,1000
17.9140 9 RC 0,0,0,0,0,0,0,0,0,0,0,0,0,0,0,0
17.9140 9 IMU_MAG -0.117188 1.272461 -1.254883
17.9240 9 IMU_GYRO 0.115967 0.049805 -0.962891
17.9340 9 AIR_DATA 100405.500000 0.000000 23.625000 997.856567 0.000000 -1.000000 -1.000000
17.9340 9 IMU_ACCEL 1.041016 -0.109375 -9.898438
17.9540 9 ATTITUDE -0.023551 1.018754 0.046225
18.0140 9 IMU_MAG -0.230469 1.265137 -1.242188
18.0240 9 IMU_GYRO 0.150879 -0.000977 -1.350342
18.0340 9 IMU_ACCEL 1.059570 -0.162109 -10.050781
18.1140 9 IMU_MAG -0.366211 1.246582 -1.229492
18.1240 9 IMU_GYRO 0.166992 -0.046631 -1.530273
18.1340 9 IMU_ACCEL 1.150391 -0.109375 -9.903320
18.1440 9 ACTUATORS 1490,1490,1000,1000
18.1640 9 RC 0,0,0,0,0,0,0,0,0,0,0,0,0,0,0,0
18.1840 9 AIR_DATA 100403.250000 0.000000 23.625000 997.856567 0.000000 -1.000000 -1.000000
18.2040 9 ATTITUDE -0.000786 0.676138 0.031073
18.2140 9 IMU_MAG -0.525391 1.205566 -1.198730
18.2240 9 IMU_GYRO 0.176514 0.075439 -1.487549
18.2340 9 IMU_ACCEL 1.083984 -0.147461 -10.027344
18.3140 9 IMU_MAG -0.666504 1.137207 -1.172852
18.3240 9 IMU_GYRO 0.121094 0.034912 -1.216309
18.3340 9 IMU_ACCEL 1.165039 -0.099609 -10.012695
18.3940 9 ACTUATORS 1490,1490,1000,1000
18.4140 9 RC 0,0,0,0,0,0,0,0,0,0,0,0,0,0,0,0
18.4140 9 IMU_MAG -0.790039 1.073730 -1.145508
18.4240 9 IMU_GYRO 0.088135 -0.001953 -0.772461
18.4340 9 AIR_DATA 100406.000000 0.000000 23.625000 997.856567 0.000000 -1.000000 -1.000000
18.4340 9 IMU_ACCEL 1.117188 -0.071289 -9.921875
18.4540 9 ATTITUDE 0.017971 0.402620 0.034023
18.5140 9 IMU_MAG -0.861816 1.027344 -1.127441
18.5240 9 IMU_GYRO 0.040283 0.098877 -0.222412
18.5340 9 IMU_ACCEL 1.122070 -0.038086 -9.865234
18.6140 9 IMU_MAG -0.889648 1.014648 -1.105469
18.6240 9 IMU_GYRO -0.013672 0.052979 0.343506
18.6340 9 IMU_ACCEL 1.150391 -0.023438 -9.827148
18.6440 9 ACTUATORS 1490,1490,1000,1000
18.6640 9 RC 0,0,0,0,0,0,0,0,0,0,0,0,0,0,0,0
18.6840 9 AIR_DATA 100404.000000 0.000000 23.687500 997.856567 0.000000 -1.000000 -1.000000
18.7040 9 GPS 0 0 0 0 0 0 0 0 0 0 0
18.7040 9 SVINFO 0 0 0 0 0 0 0
18.7040 9 ATTITUDE 0.013540 0.439159 0.042448
18.7140 9 IMU_MAG -0.871582 1.044434 -1.110840
18.7240 9 IMU_GYRO -0.074463 -0.006348 0.854492
18.7340 9 IMU_ACCEL 1.145508 0.038086 -9.969727
18.8140 9 IMU_MAG -0.777832 1.127930 -1.118164
18.8240 9 IMU_GYRO -0.108398 0.089355 1.225830
18.8340 9 IMU_ACCEL 1.112305 0.051758 -9.951172
18.8940 9 ACTUATORS 1490,1490,1000,1000
18.9140 9 RC 0,0,0,0,0,0,0,0,0,0,0,0,0,0,0,0
18.9140 9 IMU_MAG -0.684570 1.183594 -1.134766
18.9240 9 IMU_GYRO -0.141357 0.056396 1.412109
18.9340 9 AIR_DATA 100404.500000 0.000000 23.687500 997.856567 0.000000 -1.000000 -1.000000
18.9340 9 IMU_ACCEL 1.165039 0.142578 -10.041016
18.9540 9 ATTITUDE -0.007154 0.752880 0.047329
19.0140 9 IMU_MAG -0.539062 1.242676 -1.129395
19.0240 9 IMU_GYRO -0.132812 -0.011475 1.387695
19.0340 9 IMU_ACCEL 1.049805 0.076172 -10.032227
19.1140 9 IMU_MAG -0.395996 1.298340 -1.158203
19.1240 9 IMU_GYRO -0.089355 0.072266 1.164062
19.1340 9 IMU_ACCEL 1.016602 0.109375 -10.002930
19.1440 9 ACTUATORS 1490,1490,1000,1000
19.1640 9 RC 0,0,0,0,0,0,0,0,0,0,0,0,0,0,0,0
19.1840 9 AIR_DATA 100408.250000 0.000000 23.750000 997.856567 0.000000 -1.000000 -1.000000
19.2040 9 ATTITUDE -0.024397 1.077441 0.053552
19.2140 9 IMU_MAG -0.280273 1.311523 -1.162109
19.2240 9 ENERGY 12.000000 0.000000 0 0.000000
19.2240 9 IMU_GYRO -0.044678 0.049805 0.769287
19.2340 9 IMU_ACCEL 1.031250 0.041992 -10.045898
19.3140 9 IMU_MAG -0.228516 1.333496 -1.169434
19.3240 9 IMU_GYRO 0.015869 0.001953 0.262695
19.3340 9 IMU_ACCEL 1.049805 0.003906 -9.913086
19.3940 9 ACTUATORS 1490,1490,1000,1000
19.4140 9 RC 0,0,0,0,0,0,0,0,0,0,0,0,0,0,0,0
19.4140 9 IMU_MAG -0.200684 1.333496 -1.160156
19.4240 9 IMU_GYRO 0.048828 0.098877 -0.269043
19.4340 9 AIR_DATA 100409.250000 0.000000 23.812500 997.856567 0.000000 -1.000000 -1.000000
19.4340 9 IMU_ACCEL 0.997070 0.132812 -9.921875
19.4540 9 ATTITUDE -0.025485 1.148428 0.057273
19.5140 9 IMU_MAG -0.266602 1.330078 -1.167480
19.5240 9 IMU_GYRO 0.107422 0.069092 -0.754395
19.5340 9 IMU_ACCEL 1.021484 0.028320 -10.007812
19.6140 9 IMU_MAG -0.375977 1.333496 -1.160156
19.6240 9 IMU_GYRO 0.124512 -0.004150 -1.117432
19.6340 9 IMU_ACCEL 1.092773 -0.008789 -9.916992
19.6440 9 ACTUATORS 1490,1490,1000,1000
19.6640 9 RC 0,0,0,0,0,0,0,0,0,0,0,0,0,0,0,0
19.6840 9 AIR_DATA 100406.750000 0.000000 23.812500 997.856567 0.000000 -1.000000 -1.000000
19.7040 9 ATTITUDE -0.014435 0.927700 0.054385
19.7140 9 IMU_MAG -0.513184 1.296387 -1.147461
19.7240 9 GPS 0 0 0 0 0 0 0 0 0 0 0
19.7240 9 SVINFO 0 0 0 0 0 0 0
19.7240 9 IMU_GYRO 0.158447 0.054199 -1.314209
19.7340 9 IMU_ACCEL 1.087891 -0.061523 -10.080078
19.7440 9 DATALINK_REPORT 15 0 0 54925 0 0
19.8140 9 IMU_MAG -0.650879 1.242676 -1.136719
19.8240 9 IMU_GYRO 0.149902 0.044678 -1.306641
19.8340 9 IMU_ACCEL 1.160156 -0.119141 -9.951172
19.8940 9 ACTUATORS 1490,1490,1000,1000
19.9140 9 RC 0,0,0,0,0,0,0,0,0,0,0,0,0,0,0,0
19.9140 9 IMU_MAG -0.766113 1.183594 -1.129395
19.9240 9 IMU_GYRO 0.131836 -0.051025 -1.103516
19.9340 9 AIR_DATA 100404.500000 0.000000 23.812500 997.856567 0.000000 -1.000000 -1.000000
19.9340 9 IMU_ACCEL 1.165039 -0.046875 -9.931641
19.9540 9 ATTITUDE 0.001896 0.628306 0.047714
20.0140 9 IMU_MAG -0.855469 1.105469 -1.118164
20.0240 9 IMU_GYRO 0.087158 0.029785 -0.742676
20.0340 9 IMU_ACCEL 1.140625 -0.127930 -9.999023
20.1140 9 IMU_MAG -0.893555 1.064453 -1.120117
20.1240 9 IMU_GYRO 0.063721 0.025391 -0.277588
20.1340 9 IMU_ACCEL 1.160156 -0.205078 -9.893555
20.1440 9 ACTUATORS 1490,1490,1000,1000
20.1640 9 RC 0,0,0,0,0,0,0,0,0,0,0,0,0,0,0,0
20.1840 9 AIR_DATA 100398.500000 0.000000 23.875000 997.856567 0.000000 -1.000000 -1.000000
20.2040 9 ATTITUDE 0.010055 0.523756 0.042932
20.2140 9 IMU_MAG -0.895508 1.061035 -1.124023
20.2240 9 IMU_GYRO -0.005127 -0.033936 0.220215
20.2340 9 IMU_ACCEL 1.169922 -0.066406 -9.936523
20.3140 9 IMU_MAG -0.833984 1.083008 -1.149414
20.3240 9 IMU_GYRO -0.076416 0.029785 0.683105
20.3340 9 IMU_ACCEL 1.140625 -0.213867 -9.903320
20.3940 9 ACTUATORS 1490,1490,1000,1000
20.4140 9 RC 0,0,0,0,0,0,0,0,0,0,0,0,0,0,0,0
20.4140 9 IMU_MAG -0.724121 1.135254 -1.162109
20.4240 9 IMU_GYRO -0.079590 0.042480 1.033203
20.4340 9 AIR_DATA 100405.750000 0.000000 23.875000 997.856567 0.000000 -1.000000 -1.000000
20.4340 9 IMU_ACCEL 1.079102 -0.084961 -9.994141
20.4540 9 ATTITUDE 0.000186 0.707943 0.038715
20.5140 9 IMU_MAG -0.612793 1.190918 -1.178711
20.5240 9 IMU_GYRO -0.113770 -0.020020 1.224854
20.5340 9 IMU_ACCEL 1.112305 -0.104492 -9.979492
20.6140 9 IMU_MAG -0.475586 1.212891 -1.202148
20.6240 9 IMU_GYRO -0.109375 0.022217 1.231201
20.6340 9 IMU_ACCEL 1.064453 -0.023438 -10.027344
20.6440 9 ACTUATORS 1490,1490,1000,1000
20.6640 9 RC 0,0,0,0,0,0,0,0,0,0,0,0,0,0,0,0
20.6840 9 AIR_DATA 100405.250000 0.000000 23.937500 997.856567 0.000000 -1.000000 -1.000000
20.7040 9 ATTITUDE -0.020898 1.023465 0.036590
20.7140 9 IMU_MAG -0.326172 1.242676 -1.211426
20.7240 9 IMU_GYRO -0.092529 0.045654 1.055664
20.7340 9 IMU_ACCEL 1.102539 -0.008789 -9.956055
20.7440 9 GPS 0 0 0 0 0 0 0 0 0 0 0
20.7440 9 SVINFO 0 0 0 0 0 0 0
20.8140 9 IMU_MAG -0.204590 1.253906 -1.209473
20.8240 9 IMU_GYRO -0.046631 -0.032959 0.724609
20.8340 9 IMU_ACCEL 1.059570 0.046875 -9.959961
20.8940 9 ACTUATORS 1490,1490,1000,1000
20.9140 9 RC 0,0,0,0,0,0,0,0,0,0,0,0,0,0,0,0
20.9140 9 IMU_MAG -0.148926 1.246582 -1.212891
20.9240 9 IMU_GYRO -0.005127 0.040283 0.294678
20.9340 9 AIR_DATA 100403.000000 0.000000 23.937500 997.856567 0.000000 -1.000000 -1.000000
20.9340 9 IMU_ACCEL 0.993164 0.066406 -9.822266
20.9540 9 ATTITUDE -0.032436 1.207512 0.036088
21.0140 9 IMU_MAG -0.148926 1.255859 -1.209473
21.0240 9 IMU_GYRO 0.041504 0.083008 -0.170166
21.0340 9 IMU_ACCEL 1.049805 0.046875 -9.984375
21.1140 9 IMU_MAG -0.192871 1.267090 -1.214844
21.1240 9 IMU_GYRO 0.076416 0.031738 -0.605469
21.1340 9 IMU_ACCEL 1.031250 0.051758 -10.027344
21.1440 9 ACTUATORS 1490,1490,1000,1000
21.1640 9 RC 0,0,0,0,0,0,0,0,0,0,0,0,0,0,0,0
21.1840 9 AIR_DATA 100415.250000 0.000000 24.062500 997.856567 0.000000 -1.000000 -1.000000
21.2040 9 ATTITUDE -0.024804 1.120228 0.039043
21.2140 9 IMU_MAG -0.320312 1.277832 -1.180176
21.2240 9 IMU_GYRO 0.123291 0.075439 -0.941650
21.2340 9 IMU_ACCEL 1.031250 0.142578 -9.931641
21.3140 9 IMU_MAG -0.451660 1.267090 -1.160156
21.3240 9 IMU_GYRO 0.111572 0.122314 -1.128906
21.3340 9 IMU_ACCEL 1.054688 0.081055 -9.964844
21.3940 9 ACTUATORS 1490,1490,1000,1000
21.4140 9 RC 0,0,0,0,0,0,0,0,0,0,0,0,0,0,0,0
21.4140 9 IMU_MAG -0.596680 1.233398 -1.129395
21.4240 9 IMU_GYRO 0.138184 0.041504 -1.149170
21.4340 9 AIR_DATA 100405.000000 0.000000 24.000000 997.856567 0.000000 -1.000000 -1.000000
21.4340 9 IMU_ACCEL 1.155273 0.000000 -9.941406
21.4540 9 ATTITUDE -0.008539 0.859868 0.049041
21.5140 9 IMU_MAG -0.732422 1.177734 -1.105469
21.5240 9 IMU_GYRO 0.120117 0.073242 -1.006592
21.5340 9 IMU_ACCEL 1.145508 0.056641 -10.027344
21.6140 9 IMU_MAG -0.863770 1.131348 -1.074707
21.6240 9 IMU_GYRO 0.083008 0.097900 -0.708740
21.6340 9 IMU_ACCEL 1.117188 0.008789 -9.921875
21.6440 9 ACTUATORS 1490,1490,1000,1000
21.6640 9 RC 0,0,0,0,0,0,0,0,0,0,0,0,0,0,0,0
21.6840 9 AIR_DATA 100409.500000 0.000000 24.062500 997.856567 0.000000 -1.000000 -1.000000
21.7040 9 ATTITUDE 0.000801 0.668051 0.057424
21.7140 9 IMU_MAG -0.933105 1.083008 -1.069336
21.7240 9 IMU_GYRO 0.056396 0.003174 -0.307373
21.7340 9 IMU_ACCEL 1.183594 0.008789 -9.913086
21.7640 9 GPS 0 0 0 0 0 0 0 0 0 0 0
21.7640 9 SVINFO 0 0 0 0 0 0 0
21.7840 9 ENERGY 12.000000 0.000000 0 0.000000
21.8140 9 IMU_MAG -0.933105 1.075684 -1.063477
21.8240 9 IMU_GYRO 0.012695 0.020020 0.134033
21.8340 9 IMU_ACCEL 1.102539 -0.114258 -9.959961
21.8940 9 ACTUATORS 1490,1490,1000,1000
21.9140 9 RC 0,0,0,0,0,0,0,0,0,0,0,0,0,0,0,0
21.9140 9 IMU_MAG -0.917480 1.094238 -1.076660
21.9240 9 IMU_GYRO -0.041504 0.060547 0.542725
21.9340 9 AIR_DATA 100410.250000 0.000000 24.125000 997.856567 0.000000 -1.000000 -1.000000
21.9340 9 IMU_ACCEL 1.079102 -0.137695 -9.964844
21.9540 9 ATTITUDE -0.001837 0.719779 0.057173
22.0140 9 IMU_MAG -0.839844 1.144531 -1.092773
22.0240 9 IMU_GYRO -0.028564 -0.012695 0.870361
22.0340 9 IMU_ACCEL 1.122070 -0.185547 -9.984375
22.1140 9 IMU_MAG -0.748047 1.203613 -1.127441
22.1240 9 IMU_GYRO -0.093506 0.020020 1.064209
22.1340 9 IMU_ACCEL 1.064453 -0.170898 -9.989258
22.1440 9 ACTUATORS 1490,1490,1000,1000
22.1640 9 RC 0,0,0,0,0,0,0,0,0,0,0,0,0,0,0,0
22.1840 9 AIR_DATA 100404.000000 0.000000 24.125000 997.856567 0.000000 -1.000000 -1.000000
22.2040 9 ATTITUDE -0.013899 0.974412 0.054615
22.2140 9 IMU_MAG -0.604980 1.255859 -1.152832
22.2240 9 IMU_GYRO -0.109375 0.052002 1.092773
22.2340 9 IMU_ACCEL 1.102539 -0.119141 -9.956055
22.3140 9 IMU_MAG -0.475586 1.289062 -1.194824
22.3240 9 IMU_GYRO -0.063721 -0.019043 0.961914
22.3340 9 IMU_ACCEL 1.044922 -0.180664 -10.007812
22.3940 9 ACTUATORS 1490,1490,1000,1000
22.4140 9 RC 0,0,0,0,0,0,0,0,0,0,0,0,0,0,0,0
22.4140 9 IMU_MAG -0.342285 1.302246 -1.207520
22.4240 9 IMU_GYRO -0.070068 0.010498 0.686279
22.4340 9 AIR_DATA 100407.750000 0.000000 24.125000 997.856567 0.000000 -1.000000 -1.000000
22.4340 9 IMU_ACCEL 1.006836 -0.170898 -9.946289
22.4540 9 ATTITUDE -0.025840 1.217719 0.052395
22.5140 9 IMU_MAG -0.250488 1.302246 -1.220215
22.5240 9 IMU_GYRO -0.018066 0.036133 0.318115
22.5340 9 IMU_ACCEL 1.006836 -0.089844 -9.908203
22.6140 9 IMU_MAG -0.218750 1.279785 -1.232910
22.6240 9 IMU_GYRO 0.019043 -0.026367 -0.099854
22.6340 9 IMU_ACCEL 1.092773 -0.076172 -9.984375
22.6440 9 ACTUATORS 1490,1490,1000,1000
22.6640 9 RC 0,0,0,0,0,0,0,0,0,0,0,0,0,0,0,0
22.6840 9 AIR_DATA 100408.000000 0.000000 24.187500 997.856567 0.000000 -1.000000 -1.000000
22.7040 9 ATTITUDE -0.028526 1.253599 0.045229
22.7140 9 IMU_MAG -0.218750 1.268555 -1.227539
22.7240 9 IMU_GYRO 0.063721 -0.006348 -0.492676
22.7340 9 IMU_ACCEL 1.069336 -0.076172 -9.926758
22.7840 9 GPS 0 0 0 0 0 0 0 0 0 0 0
22.7840 9 SVINFO 0 0 0 0 0 0 0
22.8140 9 IMU_MAG -0.288574 1.267090 -1.229492
22.8240 9 IMU_GYRO 0.091309 0.052002 -0.803467
22.8340 9 IMU_ACCEL 1.041016 -0.038086 -9.979492
22.8940 9 ACTUATORS 1490,1490,1000,1000
22.9140 9 RC 0,0,0,0,0,0,0,0,0,0,0,0,0,0,0,0
22.9140 9 IMU_MAG -0.381836 1.244629 -1.205566
22.9240 9 IMU_GYRO 0.107422 0.003174 -0.989502
22.9340 9 AIR_DATA 100411.250000 0.000000 24.187500 997.856567 0.000000 -1.000000 -1.000000
22.9340 9 IMU_ACCEL 1.083984 -0.008789 -9.999023
22.9540 9 ATTITUDE -0.017198 1.071115 0.037886
23.0140 9 IMU_MAG -0.473633 1.228027 -1.180176
23.0240 9 IMU_GYRO 0.127686 0.022217 -1.032227
23.0340 9 IMU_ACCEL 1.097656 0.000000 -9.931641
23.1140 9 IMU_MAG -0.592773 1.179688 -1.165527
23.1240 9 IMU_GYRO 0.111572 0.080811 -0.907715
23.1340 9 IMU_ACCEL 1.092773 0.033203 -9.999023
23.1440 9 ACTUATORS 1490,1490,1000,1000
23.1640 9 RC 0,0,0,0,0,0,0,0,0,0,0,0,0,0,0,0
23.1840 9 AIR_DATA 100414.750000 0.000000 24.250000 997.856567 0.000000 -1.000000 -1.000000
23.2040 9 ATTITUDE -0.002124 0.848870 0.040211
23.2140 9 IMU_MAG -0.698242 1.144531 -1.145508
23.2240 9 IMU_GYRO 0.092529 0.029785 -0.662842
23.2340 9 IMU_ACCEL 1.092773 0.013672 -9.931641
23.3140 9 IMU_MAG -0.766113 1.110840 -1.125488
23.3240 9 IMU_GYRO 0.032959 0.051025 -0.312744
23.3340 9 IMU_ACCEL 1.145508 0.033203 -10.002930
23.3940 9 ACTUATORS 1490,1490,1000,1000
23.4140 9 RC 0,0,0,0,0,0,0,0,0,0,0,0,0,0,0,0
23.4140 9 IMU_MAG -0.810059 1.096191 -1.109375
23.4240 9 IMU_GYRO 0.014893 0.077637 0.072266
23.4340 9 AIR_DATA 100413.000000 0.000000 24.250000 997.856567 0.000000 -1.000000 -1.000000
23.4340 9 IMU_ACCEL 1.145508 0.013672 -9.959961
23.4540 9 ATTITUDE 0.000811 0.792988 0.045718
23.5140 9 IMU_MAG -0.812012 1.114746 -1.110840
23.5240 9 IMU_GYRO -0.025391 0.021240 0.444824
23.5340 9 IMU_ACCEL 1.130859 0.081055 -9.969727
23.6140 9 IMU_MAG -0.764160 1.146484 -1.110840
23.6240 9 IMU_GYRO -0.060547 0.021240 0.744873
23.6340 9 IMU_ACCEL 1.074219 0.028320 -9.951172
23.6440 9 ACTUATORS 1490,1490,1000,1000
23.6640 9 RC 0,0,0,0,0,0,0,0,0,0,0,0,0,0,0,0
23.6840 9 AIR_DATA 100417.750000 0.000000 24.312500 997.856567 0.000000 -1.000000 -1.000000
23.7040 9 ATTITUDE -0.009652 0.957367 0.048197
23.7140 9 IMU_MAG -0.690430 1.192871 -1.118164
23.7240 9 IMU_GYRO -0.083984 0.077637 0.928955
23.7340 9 IMU_ACCEL 1.112305 0.124023 -9.969727
23.8040 9 GPS 0 0 0 0 0 0 0 0 0 0 0
23.8040 9 SVINFO 0 0 0 0 0 0 0
23.8140 9 IMU_MAG -0.606934 1.235352 -1.134766
23.8240 9 IMU_GYRO -0.087158 0.033936 0.970459
23.8340 9 IMU_ACCEL 1.135742 0.066406 -10.050781
23.8940 9 ACTUATORS 1490,1490,1000,1000
23.9140 9 RC 0,0,0,0,0,0,0,0,0,0,0,0,0,0,0,0
23.9140 9 IMU_MAG -0.519531 1.270508 -1.152832
23.9240 9 IMU_GYRO -0.072266 0.027588 0.864990
23.9340 9 AIR_DATA 100420.000000 0.000000 24.375000 997.856567 0.000000 -1.000000 -1.000000
23.9340 9 IMU_ACCEL 1.074219 -0.018555 -9.999023
23.9540 9 ATTITUDE -0.022140 1.205080 0.054423
24.0140 9 IMU_MAG -0.407715 1.300293 -1.158203
24.0240 9 IMU_GYRO -0.045654 0.075439 0.640625
24.0340 9 IMU_ACCEL 1.049805 -0.013672 -9.875000
24.1140 9 IMU_MAG -0.355957 1.316895 -1.171387
24.1240 9 IMU_GYRO -0.000977 0.028564 0.316895
24.1340 9 IMU_ACCEL 1.011719 -0.008789 -9.969727
24.1440 9 ACTUATORS 1490,1490,1000,1000
24.1640 9 RC 0,0,0,0,0,0,0,0,0,0,0,0,0,0,0,0
24.1840 9 AIR_DATA 100415.250000 0.000000 24.375000 997.856567 0.000000 -1.000000 -1.000000
24.2040 9 ATTITUDE -0.026142 1.332039 0.062387
24.2140 9 IMU_MAG -0.328125 1.328125 -1.182129
24.2240 9 IMU_GYRO 0.025391 0.025391 -0.051025
24.2340 9 IMU_ACCEL 0.950195 -0.056641 -9.974609
24.3140 9 IMU_MAG -0.348145 1.324219 -1.185547
24.3240 9 IMU_GYRO 0.058350 0.067871 -0.404297
24.3340 9 IMU_ACCEL 1.049805 -0.066406 -9.941406
24.3440 9 ENERGY 12.000000 0.000000 0 0.000000
24.3940 9 ACTUATORS 1490,1490,1000,1000
24.4140 9 RC 0,0,0,0,0,0,0,0,0,0,0,0,0,0,0,0
24.4140 9 IMU_MAG -0.407715 1.302246 -1.182129
24.4240 9 IMU_GYRO 0.096680 0.006348 -0.693848
24.4340 9 AIR_DATA 100414.250000 0.000000 24.375000 997.856567 0.000000 -1.000000 -1.000000
24.4340 9 IMU_ACCEL 1.041016 -0.124023 -9.908203
24.4540 9 ATTITUDE -0.021527 1.244292 0.062387
24.5140 9 IMU_MAG -0.477539 1.291016 -1.178711
24.5240 9 IMU_GYRO 0.098877 0.004150 -0.874756
24.5340 9 IMU_ACCEL 1.135742 -0.152344 -10.007812
24.6140 9 IMU_MAG -0.579102 1.246582 -1.164062
24.6240 9 IMU_GYRO 0.110596 0.038086 -0.920410
24.6340 9 IMU_ACCEL 1.117188 -0.132812 -9.974609
24.6440 9 ACTUATORS 1490,1490,1000,1000
24.6640 9 RC 0,0,0,0,0,0,0,0,0,0,0,0,0,0,0,0
24.6840 9 AIR_DATA 100414.500000 0.000000 24.375000 997.856567 0.000000 -1.000000 -1.000000
24.7040 9 ATTITUDE -0.010876 1.037976 0.053945
24.7140 9 IMU_MAG -0.664551 1.220703 -1.156738
24.7240 9 IMU_GYRO 0.108398 -0.001953 -0.824707
24.7340 9 IMU_ACCEL 1.107422 -0.127930 -10.027344
24.8140 9 IMU_MAG -0.738281 1.165039 -1.151367
24.8240 9 GPS 0 0 0 0 0 0 0 0 0 0 0
24.8240 9 SVINFO 0 0 0 0 0 0 0
24.8240 9 IMU_GYRO 0.090332 -0.024414 -0.606445
24.8340 9 IMU_ACCEL 1.126953 -0.071289 -9.984375
24.8640 9 DATALINK_REPORT 20 0 0 5528 0 0
24.8940 9 ACTUATORS 1490,1490,1000,1000
24.9140 9 RC 0,0,0,0,0,0,0,0,0,0,0,0,0,0,0,0
24.9140 9 IMU_MAG -0.773926 1.131348 -1.145508
24.9240 9 IMU_GYRO 0.049805 0.048828 -0.300049
24.9340 9 AIR_DATA 100415.750000 0.000000 24.437500 997.856567 0.000000 -1.000000 -1.000000
24.9340 9 IMU_ACCEL 1.092773 -0.142578 -9.974609
24.9540 9 ATTITUDE -0.002481 0.909926 0.046606
25.0140 9 IMU_MAG -0.790039 1.122070 -1.134766
25.0240 9 IMU_GYRO 0.011475 0.014893 0.047852
25.0340 9 IMU_ACCEL 1.117188 -0.119141 -9.931641
25.1140 9 IMU_MAG -0.754395 1.131348 -1.147461
25.1240 9 IMU_GYRO -0.021240 0.000000 0.384033
25.1340 9 IMU_ACCEL 1.117188 -0.119141 -9.870117
25.1440 9 ACTUATORS 1490,1490,1000,1000
25.1640 9 RC 0,0,0,0,0,0,0,0,0,0,0,0,0,0,0,0
25.1840 9 AIR_DATA 100420.750000 0.000000 24.500000 997.856567 0.000000 -1.000000 -1.000000
25.2040 9 ATTITUDE -0.005591 0.981965 0.042235
25.2140 9 IMU_MAG -0.684570 1.155762 -1.156738
25.2240 9 IMU_GYRO -0.037109 0.038086 0.659668
25.2340 9 IMU_ACCEL 1.112305 -0.066406 -9.969727
25.3140 9 IMU_MAG -0.620605 1.188965 -1.164062
25.3240 9 IMU_GYRO -0.064697 0.012695 0.832031
25.3340 9 IMU_ACCEL 1.097656 -0.013672 -9.936523
25.3940 9 ACTUATORS 1490,1490,1000,1000
25.4140 9 RC 0,0,0,0,0,0,0,0,0,0,0,0,0,0,0,0
25.4140 9 IMU_MAG -0.529297 1.209473 -1.172852
25.4240 9 IMU_GYRO -0.080811 -0.005127 0.875732
25.4340 9 AIR_DATA 100414.750000 0.000000 24.500000 997.856567 0.000000 -1.000000 -1.000000
25.4340 9 IMU_ACCEL 1.122070 0.076172 -9.921875
25.4540 9 ATTITUDE -0.017899 1.197514 0.040810
25.5140 9 IMU_MAG -0.431641 1.233398 -1.178711
25.5240 9 IMU_GYRO -0.072266 0.054199 0.785156
25.5340 9 IMU_ACCEL 1.083984 0.132812 -10.041016
25.6140 9 IMU_MAG -0.354004 1.251953 -1.189453
25.6240 9 IMU_GYRO -0.051025 0.037109 0.582031
25.6340 9 IMU_ACCEL 1.064453 0.089844 -9.936523
25.6440 9 ACTUATORS 1490,1490,1000,1000
25.6640 9 RC 0,0,0,0,0,0,0,0,0,0,0,0,0,0,0,0
25.6840 9 AIR_DATA 100415.000000 0.000000 24.500000 997.856567 0.000000 -1.000000 -1.000000
25.7040 9 ATTITUDE -0.028156 1.377022 0.044667
25.7140 9 IMU_MAG -0.298340 1.263184 -1.191406
25.7240 9 IMU_GYRO -0.009521 0.016846 0.290527
25.7340 9 IMU_ACCEL 1.041016 0.142578 -9.898438
25.8140 9 IMU_MAG -0.284180 1.272461 -1.182129
25.8240 9 IMU_GYRO 0.024414 0.083984 -0.037109
25.8340 9 IMU_ACCEL 1.036133 0.066406 -9.921875
25.8440 9 GPS 0 0 0 0 0 0 0 0 0 0 0
25.8440 9 SVINFO 0 0 0 0 0 0 0
25.8940 9 ACTUATORS 1490,1490,1000,1000
25.9140 9 RC 0,0,0,0,0,0,0,0,0,0,0,0,0,0,0,0
25.9140 9 IMU_MAG -0.310059 1.277832 -1.184082
25.9240 9 IMU_GYRO 0.057373 0.062744 -0.355225
25.9340 9 AIR_DATA 100422.000000 0.000000 24.562500 997.856567 0.000000 -1.000000 -1.000000
25.9340 9 IMU_ACCEL 1.064453 0.104492 -9.956055
25.9540 9 ATTITUDE -0.026691 1.378185 0.051329
26.0140 9 IMU_MAG -0.381836 1.279785 -1.167480
26.0240 9 IMU_GYRO 0.115967 0.038086 -0.614990
26.0340 9 IMU_ACCEL 1.064453 0.081055 -9.989258
26.1140 9 IMU_MAG -0.473633 1.272461 -1.167480
26.1240 9 IMU_GYRO 0.105225 0.086182 -0.781006
26.1340 9 IMU_ACCEL 1.092773 0.046875 -10.017578
26.1440 9 ACTUATORS 1490,1490,1000,1000
26.1640 9 RC 0,0,0,0,0,0,0,0,0,0,0,0,0,0,0,0
26.1840 9 AIR_DATA 100426.500000 0.000000 24.625000 997.856567 0.000000 -1.000000 -1.000000
26.2040 9 ATTITUDE -0.016940 1.218223 0.056920
26.2140 9 IMU_MAG -0.583008 1.244629 -1.134766
26.2240 9 IMU_GYRO 0.103027 0.066895 -0.825684
26.2340 9 IMU_ACCEL 1.087891 0.033203 -10.017578
26.3140 9 IMU_MAG -0.672363 1.224121 -1.132812
26.3240 9 IMU_GYRO 0.095703 0.032959 -0.749023
26.3340 9 IMU_ACCEL 1.117188 -0.028320 -9.969727
26.3940 9 ACTUATORS 1490,1490,1000,1000
26.4140 9 RC 0,0,0,0,0,0,0,0,0,0,0,0,0,0,0,0
26.4140 9 IMU_MAG -0.770020 1.168457 -1.116699
26.4240 9 IMU_GYRO 0.084961 0.054199 -0.553223
26.4340 9 AIR_DATA 100415.500000 0.000000 24.562500 997.856567 0.000000 -1.000000 -1.000000
26.4340 9 IMU_ACCEL 1.126953 -0.028320 -9.850586
26.4540 9 ATTITUDE -0.008855 1.054578 0.058558
26.5140 9 IMU_MAG -0.817871 1.159180 -1.105469
26.5240 9 IMU_GYRO 0.044678 0.046631 -0.283936
26.5340 9 IMU_ACCEL 1.083984 -0.109375 -9.946289
26.6140 9 IMU_MAG -0.833984 1.138672 -1.112793
26.6240 9 IMU_GYRO 0.001953 0.016846 0.027588
26.6340 9 IMU_ACCEL 1.102539 -0.127930 -10.037109
26.6440 9 ACTUATORS 1490,1490,1000,1000
26.6640 9 RC 0,0,0,0,0,0,0,0,0,0,0,0,0,0,0,0
26.6840 9 AIR_DATA 100416.750000 0.000000 24.625000 997.856567 0.000000 -1.000000 -1.000000
26.7040 9 ATTITUDE -0.007426 1.042408 0.057689
26.7140 9 IMU_MAG -0.823730 1.133301 -1.114746
26.7240 9 IMU_GYRO -0.008301 0.041504 0.338379
26.7340 9 IMU_ACCEL 1.097656 -0.142578 -9.979492
26.8140 9 IMU_MAG -0.766113 1.183594 -1.127441
26.8240 9 IMU_GYRO -0.038086 0.024414 0.589355
26.8340 9 IMU_ACCEL 1.097656 -0.170898 -9.941406
26.8640 9 GPS 0 0 0 0 0 0 0 0 0 0 0
26.8640 9 SVINFO 0 0 0 0 0 0 0
26.8940 9 ACTUATORS 1490,1490,1000,1000
26.9040 9 ENERGY 12.000000 0.000000 0 0.000000
26.9140 9 RC 0,0,0,0,0,0,0,0,0,0,0,0,0,0,0,0
26.9140 9 IMU_MAG -0.686523 1.207520 -1.142090
26.9240 9 IMU_GYRO -0.066895 0.009521 0.745850
26.9340 9 AIR_DATA 100417.000000 0.000000 24.625000 997.856567 0.000000 -1.000000 -1.000000
26.9340 9 IMU_ACCEL 1.107422 -0.132812 -9.951172
26.9540 9 ATTITUDE -0.013489 1.200932 0.057771
27.0140 9 IMU_MAG -0.608887 1.240723 -1.160156
27.0240 9 IMU_GYRO -0.132812 0.025391 0.795898
27.0340 9 IMU_ACCEL 1.087891 -0.185547 -9.964844
27.1140 9 IMU_MAG -0.501465 1.268555 -1.185547
27.1240 9 IMU_GYRO -0.071289 0.028564 0.719238
27.1340 9 IMU_ACCEL 1.083984 -0.142578 -9.913086
27.1440 9 ACTUATORS 1490,1490,1000,1000
27.1640 9 RC 0,0,0,0,0,0,0,0,0,0,0,0,0,0,0,0
27.1840 9 AIR_DATA 100415.500000 0.000000 24.687500 997.856567 0.000000 -1.000000 -1.000000
27.2040 9 ATTITUDE -0.022438 1.399774 0.057519
27.2140 9 IMU_MAG -0.405762 1.277832 -1.204102
27.2240 9 IMU_GYRO -0.037109 -0.025391 0.536133
27.2340 9 IMU_ACCEL 1.011719 -0.041992 -9.926758
27.3140 9 IMU_MAG -0.335938 1.277832 -1.211426
27.3240 9 IMU_GYRO -0.011475 0.014893 0.277588
27.3340 9 IMU_ACCEL 1.059570 0.018555 -9.964844
27.3940 9 ACTUATORS 1490,1490,1000,1000
27.4140 9 RC 0,0,0,0,0,0,0,0,0,0,0,0,0,0,0,0
27.4140 9 IMU_MAG -0.308105 1.272461 -1.198730
27.4240 9 IMU_GYRO 0.025391 0.009521 -0.020020
27.4340 9 AIR_DATA 100418.750000 0.000000 24.687500 997.856567 0.000000 -1.000000 -1.000000
27.4340 9 IMU_ACCEL 1.092773 0.013672 -9.989258
27.4540 9 ATTITUDE -0.026354 1.477290 0.053304
27.5140 9 IMU_MAG -0.314453 1.267090 -1.204102
27.5240 9 IMU_GYRO 0.055176 -0.013672 -0.312744
27.5340 9 IMU_ACCEL 1.049805 -0.023438 -9.979492
27.6140 9 IMU_MAG -0.350098 1.251953 -1.191406
27.6240 9 IMU_GYRO 0.063721 0.042480 -0.553223
27.6340 9 IMU_ACCEL 1.041016 0.066406 -9.951172
27.6440 9 ACTUATORS 1490,1490,1000,1000
27.6640 9 RC 0,0,0,0,0,0,0,0,0,0,0,0,0,0,0,0
27.6840 9 AIR_DATA 100418.500000 0.000000 24.750000 997.856567 0.000000 -1.000000 -1.000000
27.7040 9 ATTITUDE -0.021224 1.381955 0.047809
27.7140 9 IMU_MAG -0.427734 1.244629 -1.189453
27.7240 9 IMU_GYRO 0.093506 0.045654 -0.710693
27.7340 9 IMU_ACCEL 1.126953 0.041992 -10.027344
27.8140 9 IMU_MAG -0.501465 1.224121 -1.167480
27.8240 9 IMU_GYRO 0.103027 0.013672 -0.752197
27.8340 9 IMU_ACCEL 1.140625 0.081055 -9.931641
27.8840 9 GPS 0 0 0 0 0 0 0 0 0 0 0
27.8840 9 SVINFO 0 0 0 0 0 0 0
27.8940 9 ACTUATORS 1490,1490,1000,1000
27.9140 9 RC 0,0,0,0,0,0,0,0,0,0,0,0,0,0,0,0
27.9140 9 IMU_MAG -0.581055 1.196289 -1.152832
27.9240 9 IMU_GYRO 0.088135 0.064697 -0.682129
27.9340 9 AIR_DATA 100413.750000 0.000000 24.750000 997.856567 0.000000 -1.000000 -1.000000
27.9340 9 IMU_ACCEL 1.083984 0.127930 -9.840820
27.9540 9 ATTITUDE -0.011408 1.215408 0.047638
28.0140 9 IMU_MAG -0.668457 1.172363 -1.129395
28.0240 9 IMU_GYRO 0.064697 0.075439 -0.511719
28.0340 9 IMU_ACCEL 1.150391 0.071289 -9.989258
28.1140 9 IMU_MAG -0.716309 1.140625 -1.134766
28.1240 9 IMU_GYRO 0.036133 0.036133 -0.263916
28.1340 9 IMU_ACCEL 1.126953 0.008789 -9.956055
28.1440 9 ACTUATORS 1490,1490,1000,1000
28.1640 9 RC 0,0,0,0,0,0,0,0,0,0,0,0,0,0,0,0
28.1840 9 AIR_DATA 100419.000000 0.000000 24.812500 997.856567 0.000000 -1.000000 -1.000000
28.2040 9 ATTITUDE -0.007341 1.138100 0.051288
28.2140 9 IMU_MAG -0.750000 1.138672 -1.120117
28.2240 9 IMU_GYRO 0.021240 0.049805 0.020020
28.2340 9 IMU_ACCEL 1.160156 -0.013672 -10.027344
28.3140 9 IMU_MAG -0.756348 1.146484 -1.125488
28.3240 9 IMU_GYRO -0.033936 0.070068 0.294678
28.3340 9 IMU_ACCEL 1.112305 -0.028320 -9.951172
28.3940 9 ACTUATORS 1490,1490,1000,1000
28.4140 9 RC 0,0,0,0,0,0,0,0,0,0,0,0,0,0,0,0
28.4140 9 IMU_MAG -0.724121 1.163086 -1.120117
28.4240 9 IMU_GYRO -0.047852 0.029785 0.522461
28.4340 9 AIR_DATA 100421.000000 0.000000 24.812500 997.856567 0.000000 -1.000000 -1.000000
28.4340 9 IMU_ACCEL 1.049805 -0.061523 -10.007812
28.4540 9 ATTITUDE -0.012128 1.227415 0.056032
28.5140 9 IMU_MAG -0.672363 1.203613 -1.144043
28.5240 9 IMU_GYRO -0.061523 0.057373 0.675781
28.5340 9 IMU_ACCEL 1.074219 -0.066406 -9.941406
28.6140 9 IMU_MAG -0.604980 1.229980 -1.158203
28.6240 9 IMU_GYRO -0.054199 0.058350 0.719238
28.6340 9 IMU_ACCEL 1.102539 -0.076172 -10.037109
28.6440 9 ACTUATORS 1490,1490,1000,1000
28.6640 9 RC 0,0,0,0,0,0,0,0,0,0,0,0,0,0,0,0
28.6840 9 AIR_DATA 100413.000000 0.000000 24.812500 997.856567 0.000000 -1.000000 -1.000000
28.7040 9 ATTITUDE -0.019856 1.413142 0.063818
28.7140 9 IMU_MAG -0.533203 1.274414 -1.158203
28.7240 9 IMU_GYRO -0.058350 0.033936 0.651123
28.7340 9 IMU_ACCEL 1.102539 -0.071289 -9.964844
28.8140 9 IMU_MAG -0.463379 1.289062 -1.167480
28.8240 9 IMU_GYRO -0.029785 0.051025 0.496826
28.8340 9 IMU_ACCEL 1.069336 -0.084961 -9.936523
28.8940 9 ACTUATORS 1490,1490,1000,1000
28.9040 9 GPS 0 0 0 0 0 0 0 0 0 0 0
28.9040 9 SVINFO 0 0 0 0 0 0 0
28.9140 9 RC 0,0,0,0,0,0,0,0,0,0,0,0,0,0,0,0
28.9140 9 IMU_MAG -0.407715 1.311523 -1.196777
28.9240 9 IMU_GYRO 0.000000 0.052002 0.258545
28.9340 9 AIR_DATA 100408.250000 0.000000 24.875000 997.856567 0.000000 -1.000000 -1.000000
28.9340 9 IMU_ACCEL 0.997070 -0.175781 -9.964844
28.9540 9 ATTITUDE -0.023464 1.543496 0.070442
29.0140 9 IMU_MAG -0.395996 1.305664 -1.189453
29.0240 9 IMU_GYRO 0.022217 0.005127 -0.008301
29.0340 9 IMU_ACCEL 1.054688 -0.137695 -9.883789
29.1140 9 IMU_MAG -0.395996 1.311523 -1.191406
29.1240 9 IMU_GYRO 0.046631 0.033936 -0.278809
29.1340 9 IMU_ACCEL 1.044922 -0.200195 -9.979492
29.1440 9 ACTUATORS 1490,1490,1000,1000
29.1640 9 RC 0,0,0,0,0,0,0,0,0,0,0,0,0,0,0,0
29.1840 9 AIR_DATA 100413.250000 0.000000 24.937500 997.856567 0.000000 -1.000000 -1.000000
29.2040 9 ATTITUDE -0.021812 1.518907 0.068096
29.2140 9 IMU_MAG -0.445801 1.287109 -1.182129
29.2240 9 IMU_GYRO 0.057373 0.046631 -0.500000
29.2340 9 IMU_ACCEL 1.049805 -0.114258 -9.956055
29.3140 9 IMU_MAG -0.499512 1.277832 -1.169434
29.3240 9 IMU_GYRO 0.089355 -0.014893 -0.640625
29.3340 9 IMU_ACCEL 1.087891 -0.099609 -9.936523
29.3940 9 ACTUATORS 1490,1490,1000,1000
29.4140 9 RC 0,0,0,0,0,0,0,0,0,0,0,0,0,0,0,0
29.4140 9 IMU_MAG -0.561035 1.251953 -1.171387
29.4240 9 IMU_GYRO 0.097900 0.009521 -0.682129
29.4340 9 AIR_DATA 100400.250000 0.000000 24.875000 997.856567 0.000000 -1.000000 -1.000000
29.4340 9 IMU_ACCEL 1.087891 -0.089844 -10.065430
29.4540 9 ATTITUDE -0.015550 1.377878 0.060253
29.4640 9 ENERGY 12.000000 0.000000 0 0.000000
29.5140 9 IMU_MAG -0.620605 1.222168 -1.156738
29.5240 9 IMU_GYRO 0.090332 0.024414 -0.623535
29.5340 9 IMU_ACCEL 1.069336 -0.071289 -9.984375
29.6140 9 IMU_MAG -0.688477 1.183594 -1.147461
29.6240 9 IMU_GYRO 0.066895 0.007324 -0.468018
29.6340 9 IMU_ACCEL 1.150391 -0.023438 -9.946289
29.6440 9 ACTUATORS 1490,1490,1000,1000
29.6640 9 RC 0,0,0,0,0,0,0,0,0,0,0,0,0,0,0,0
29.6840 9 AIR_DATA 100405.500000 0.000000 24.937500 997.856567 0.000000 -1.000000 -1.000000
29.7040 9 ATTITUDE -0.009064 1.260684 0.054898
29.7140 9 IMU_MAG -0.720215 1.153809 -1.127441
29.7240 9 IMU_GYRO 0.043457 0.027588 -0.243652
29.7340 9 IMU_ACCEL 1.064453 -0.003906 -9.936523
29.8140 9 IMU_MAG -0.734375 1.146484 -1.132812
29.8240 9 IMU_GYRO 0.010498 0.048828 0.014893
29.8340 9 IMU_ACCEL 1.097656 -0.028320 -9.989258
29.8940 9 ACTUATORS 1490,1490,1000,1000
29.9140 9 RC 0,0,0,0,0,0,0,0,0,0,0,0,0,0,0,0
29.9140 9 IMU_MAG -0.710449 1.151855 -1.132812
29.9240 9 GPS 0 0 0 0 0 0 0 0 0 0 0
29.9240 9 SVINFO 0 0 0 0 0 0 0
29.9240 9 IMU_GYRO -0.008301 0.004150 0.269043
29.9340 9 AIR_DATA 100410.000000 0.000000 25.000000 997.856567 0.000000 -1.000000 -1.000000
29.9340 9 IMU_ACCEL 1.083984 0.038086 -9.969727
29.9540 9 ATTITUDE -0.009295 1.282366 0.053477
29.9840 9 DATALINK_REPORT 25 0 0 22326 0 0
30.0140 9 IMU_MAG -0.666504 1.168457 -1.138184
30.0240 9 IMU_GYRO -0.031738 0.015869 0.478760
30.0340 9 IMU_ACCEL 1.054688 0.008789 -9.946289
30.1140 9 IMU_MAG -0.599121 1.188965 -1.156738
30.1240 9 IMU_GYRO -0.049805 0.046631 0.610840
30.1340 9 IMU_ACCEL 1.069336 0.071289 -9.974609
30.1440 9 ACTUATORS 1490,1490,1000,1000
30.1640 9 RC 0,0,0,0,0,0,0,0,0,0,0,0,0,0,0,0
30.1840 9 AIR_DATA 100407.000000 0.000000 25.000000 997.856567 0.000000 -1.000000 -1.000000
30.2040 9 ATTITUDE -0.016333 1.432652 0.053389
30.2140 9 IMU_MAG -0.537109 1.218750 -1.156738
30.2240 9 IMU_GYRO -0.052002 0.005127 0.651123
30.2340 9 IMU_ACCEL 1.059570 0.137695 -9.941406
30.3140 9 IMU_MAG -0.469727 1.237305 -1.172852
30.3240 9 IMU_GYRO -0.036133 0.031738 0.594727
30.3340 9 IMU_ACCEL 1.079102 0.076172 -10.012695
30.3940 9 ACTUATORS 1490,1490,1000,1000
30.4140 9 RC 0,0,0,0,0,0,0,0,0,0,0,0,0,0,0,0
30.4140 9 IMU_MAG -0.401855 1.246582 -1.172852
30.4240 9 IMU_GYRO -0.036133 0.063721 0.444824
30.4340 9 AIR_DATA 100404.250000 0.000000 25.000000 997.856567 0.000000 -1.000000 -1.000000
30.4340 9 IMU_ACCEL 1.059570 0.056641 -10.007812
30.4540 9 ATTITUDE -0.023684 1.588295 0.056672
30.5140 9 IMU_MAG -0.364258 1.263184 -1.182129
30.5240 9 IMU_GYRO 0.003174 0.032959 0.231934
30.5340 9 IMU_ACCEL 1.044922 0.084961 -9.951172
30.6140 9 IMU_MAG -0.350098 1.261230 -1.191406
30.6240 9 IMU_GYRO 0.023193 0.059570 -0.012695
30.6340 9 IMU_ACCEL 1.102539 0.033203 -9.984375
30.6440 9 ACTUATORS 1490,1490,1000,1000
30.6640 9 RC 0,0,0,0,0,0,0,0,0,0,0,0,0,0,0,0
30.6840 9 AIR_DATA 100401.500000 0.000000 25.000000 997.856567 0.000000 -1.000000 -1.000000
30.7040 9 ATTITUDE -0.023749 1.626514 0.062330
30.7140 9 IMU_MAG -0.366211 1.274414 -1.182129
30.7240 9 IMU_GYRO 0.049805 0.070068 -0.252197
30.7340 9 IMU_ACCEL 1.044922 -0.018555 -10.032227
30.8140 9 IMU_MAG -0.423828 1.274414 -1.182129
30.8240 9 IMU_GYRO 0.058350 0.055176 -0.457520
30.8340 9 IMU_ACCEL 1.026367 0.033203 -9.964844
30.8940 9 ACTUATORS 1490,1490,1000,1000
30.9140 9 RC 0,0,0,0,0,0,0,0,0,0,0,0,0,0,0,0
30.9140 9 IMU_MAG -0.493652 1.263184 -1.180176
30.9240 9 IMU_GYRO 0.079590 0.056396 -0.583008
30.9340 9 AIR_DATA 100407.500000 0.000000 25.125000 997.856567 0.000000 -1.000000 -1.000000
30.9340 9 IMU_ACCEL 1.102539 -0.038086 -9.984375
30.9440 9 GPS 0 0 0 0 0 0 0 0 0 0 0
30.9440 9 SVINFO 0 0 0 0 0 0 0
30.9540 9 ATTITUDE -0.018356 1.529170 0.066327
31.0140 9 IMU_MAG -0.551270 1.250000 -1.167480
31.0240 9 IMU_GYRO 0.058350 0.069092 -0.623535
31.0340 9 IMU_ACCEL 1.087891 -0.051758 -9.926758
31.1140 9 IMU_MAG -0.650879 1.222168 -1.145508
31.1240 9 IMU_GYRO 0.079590 0.027588 -0.564941
31.1340 9 IMU_ACCEL 1.155273 -0.114258 -10.037109
31.1440 9 ACTUATORS 1490,1490,1000,1000
31.1640 9 RC 0,0,0,0,0,0,0,0,0,0,0,0,0,0,0,0
31.1840 9 AIR_DATA 100400.250000 0.000000 25.062500 997.856567 0.000000 -1.000000 -1.000000
31.2040 9 ATTITUDE -0.012918 1.398586 0.067258
31.2140 9 IMU_MAG -0.708496 1.209473 -1.134766
31.2240 9 IMU_GYRO 0.051025 0.039307 -0.423340
31.2340 9 IMU_ACCEL 1.097656 -0.119141 -9.974609
31.3140 9 IMU_MAG -0.746094 1.177734 -1.142090
31.3240 9 IMU_GYRO 0.040283 0.051025 -0.217041
31.3340 9 IMU_ACCEL 1.064453 -0.152344 -10.027344
31.3940 9 ACTUATORS 1490,1490,1000,1000
31.4140 9 RC 0,0,0,0,0,0,0,0,0,0,0,0,0,0,0,0
31.4140 9 IMU_MAG -0.771973 1.175781 -1.124023
31.4240 9 IMU_GYRO 0.013672 0.023193 0.015869
31.4340 9 AIR_DATA 100399.000000 0.000000 25.062500 997.856567 0.000000 -1.000000 -1.000000
31.4340 9 IMU_ACCEL 1.165039 -0.114258 -9.984375
31.4540 9 ATTITUDE -0.010890 1.363011 0.068178
31.5140 9 IMU_MAG -0.760254 1.172363 -1.129395
31.5240 9 IMU_GYRO -0.027588 0.023193 0.249023
31.5340 9 IMU_ACCEL 1.064453 -0.081055 -9.989258
31.6140 9 IMU_MAG -0.722168 1.198242 -1.132812
31.6240 9 IMU_GYRO -0.026367 0.040283 0.440430
31.6340 9 IMU_ACCEL 1.155273 -0.099609 -9.951172
31.6440 9 ACTUATORS 1490,1490,1000,1000
31.6640 9 RC 0,0,0,0,0,0,0,0,0,0,0,0,0,0,0,0
31.6840 9 AIR_DATA 100402.500000 0.000000 25.125000 997.856567 0.000000 -1.000000 -1.000000
31.7040 9 ATTITUDE -0.013495 1.464902 0.068538
31.7140 9 IMU_MAG -0.666504 1.216797 -1.142090
31.7240 9 IMU_GYRO -0.041504 0.005127 0.563965
31.7340 9 IMU_ACCEL 1.087891 -0.084961 -9.994141
31.8140 9 IMU_MAG -0.603027 1.237305 -1.156738
31.8240 9 IMU_GYRO -0.040283 0.003174 0.601074
31.8340 9 IMU_ACCEL 1.054688 -0.033203 -9.921875
31.8940 9 ACTUATORS 1490,1490,1000,1000
31.9140 9 RC 0,0,0,0,0,0,0,0,0,0,0,0,0,0,0,0
31.9140 9 IMU_MAG -0.523438 1.261230 -1.164062
31.9240 9 IMU_GYRO -0.033936 0.021240 0.547852
31.9340 9 AIR_DATA 100404.000000 0.000000 25.125000 997.856567 0.000000 -1.000000 -1.000000
31.9340 9 IMU_ACCEL 1.122070 -0.041992 -9.989258
31.9540 9 ATTITUDE -0.019002 1.624096 0.064935
31.9640 9 GPS 0 0 0 0 0 0 0 0 0 0 0
31.9640 9 SVINFO 0 0 0 0 0 0 0
32.0140 9 IMU_MAG -0.447754 1.268555 -1.169434
32.0240 9 ENERGY 12.000000 0.000000 0 0.000000
32.0240 9 IMU_GYRO -0.010498 -0.006348 0.407471
32.0340 9 IMU_ACCEL 1.011719 0.061523 -9.984375
32.1140 9 IMU_MAG -0.390137 1.270508 -1.182129
32.1240 9 IMU_GYRO -0.012695 0.006348 0.212646
32.1340 9 IMU_ACCEL 0.983398 0.041992 -9.959961
32.1440 9 ACTUATORS 1490,1490,1000,1000
32.1640 9 RC 0,0,0,0,0,0,0,0,0,0,0,0,0,0,0,0
32.1840 9 AIR_DATA 100410.750000 0.000000 25.187500 997.856567 0.000000 -1.000000 -1.000000
32.2040 9 ATTITUDE -0.022726 1.712193 0.059902
32.2140 9 IMU_MAG -0.374023 1.263184 -1.184082
32.2240 9 IMU_GYRO 0.004150 0.034912 -0.011475
32.2340 9 IMU_ACCEL 1.041016 0.119141 -9.865234
32.3140 9 IMU_MAG -0.372070 1.263184 -1.172852
32.3240 9 IMU_GYRO 0.049805 0.008301 -0.236084
32.3340 9 IMU_ACCEL 1.064453 0.124023 -10.037109
32.3940 9 ACTUATORS 1490,1490,1000,1000
32.4140 9 RC 0,0,0,0,0,0,0,0,0,0,0,0,0,0,0,0
32.4140 9 IMU_MAG -0.395996 1.250000 -1.174805
32.4240 9 IMU_GYRO 0.065918 0.031738 -0.425537
32.4340 9 AIR_DATA 100409.500000 0.000000 25.187500 997.856567 0.000000 -1.000000 -1.000000
32.4340 9 IMU_ACCEL 1.036133 0.051758 -9.908203
32.4540 9 ATTITUDE -0.020212 1.666546 0.057192
32.5140 9 IMU_MAG -0.443848 1.239258 -1.176758
32.5240 9 IMU_GYRO 0.067871 0.064697 -0.544678
32.5340 9 IMU_ACCEL 1.079102 0.089844 -9.898438
32.6140 9 IMU_MAG -0.517090 1.222168 -1.162109
32.6240 9 IMU_GYRO 0.080811 0.044678 -0.581055
32.6340 9 IMU_ACCEL 1.079102 0.071289 -10.022461
32.6440 9 ACTUATORS 1490,1490,1000,1000
32.6640 9 RC 0,0,0,0,0,0,0,0,0,0,0,0,0,0,0,0
32.6840 9 AIR_DATA 100407.000000 0.000000 25.250000 997.856567 0.000000 -1.000000 -1.000000
32.7040 9 ATTITUDE -0.013997 1.542870 0.059163
32.7140 9 IMU_MAG -0.579102 1.202148 -1.152832
32.7240 9 IMU_GYRO 0.080811 0.041504 -0.521240
32.7340 9 IMU_ACCEL 1.064453 0.008789 -9.989258
32.8140 9 IMU_MAG -0.634766 1.187012 -1.147461
32.8240 9 IMU_GYRO 0.062744 0.061523 -0.393555
32.8340 9 IMU_ACCEL 1.102539 0.038086 -9.994141
32.8940 9 ACTUATORS 1490,1490,1000,1000
32.9140 9 RC 0,0,0,0,0,0,0,0,0,0,0,0,0,0,0,0
32.9140 9 IMU_MAG -0.690430 1.174316 -1.147461
32.9240 9 IMU_GYRO 0.032959 0.045654 -0.205322
32.9340 9 AIR_DATA 100408.250000 0.000000 25.250000 997.856567 0.000000 -1.000000 -1.000000
32.9340 9 IMU_ACCEL 1.135742 0.028320 -10.027344
32.9540 9 ATTITUDE -0.010489 1.465357 0.063551
32.9840 9 GPS 0 0 0 0 0 0 0 0 0 0 0
32.9840 9 SVINFO 0 0 0 0 0 0 0
33.0140 9 IMU_MAG -0.706543 1.166504 -1.145508
33.0240 9 IMU_GYRO -0.012695 0.037109 0.023193
33.0340 9 IMU_ACCEL 1.130859 -0.033203 -9.941406
33.1140 9 IMU_MAG -0.708496 1.179688 -1.144043
33.1240 9 IMU_GYRO -0.001953 0.055176 0.235107
33.1340 9 IMU_ACCEL 1.049805 -0.056641 -9.916992
33.1440 9 ACTUATORS 1490,1490,1000,1000
33.1640 9 RC 0,0,0,0,0,0,0,0,0,0,0,0,0,0,0,0
33.1840 9 AIR_DATA 100404.000000 0.000000 25.250000 997.856567 0.000000 -1.000000 -1.000000
33.2040 9 ATTITUDE -0.012280 1.514042 0.068792
33.2140 9 IMU_MAG -0.682617 1.196289 -1.154785
33.2240 9 IMU_GYRO -0.036133 0.051025 0.410645
33.2340 9 IMU_ACCEL 1.155273 -0.119141 -10.002930
33.3140 9 IMU_MAG -0.646484 1.209473 -1.152832
33.3240 9 IMU_GYRO -0.034912 0.038086 0.526611
33.3340 9 IMU_ACCEL 1.145508 -0.099609 -10.012695
33.3940 9 ACTUATORS 1490,1490,1000,1000
33.4140 9 RC 0,0,0,0,0,0,0,0,0,0,0,0,0,0,0,0
33.4140 9 IMU_MAG -0.603027 1.240723 -1.162109
33.4240 9 IMU_GYRO -0.030762 0.058350 0.558594
33.4340 9 AIR_DATA 100409.000000 0.000000 25.312500 997.856567 0.000000 -1.000000 -1.000000
33.4340 9 IMU_ACCEL 1.059570 -0.089844 -9.974609
33.4540 9 ATTITUDE -0.016162 1.656249 0.074924
33.5140 9 IMU_MAG -0.541016 1.265137 -1.171387
33.5240 9 IMU_GYRO -0.040283 0.051025 0.505371
33.5340 9 IMU_ACCEL 1.087891 -0.084961 -9.883789
33.6140 9 IMU_MAG -0.487305 1.291016 -1.180176
33.6240 9 IMU_GYRO -0.020020 0.030762 0.379883
33.6340 9 IMU_ACCEL 1.097656 -0.099609 -10.027344
33.6440 9 ACTUATORS 1490,1490,1000,1000
33.6640 9 RC 0,0,0,0,0,0,0,0,0,0,0,0,0,0,0,0
33.6840 9 AIR_DATA 100412.750000 0.000000 25.312500 997.856567 0.000000 -1.000000 -1.000000
33.7040 9 ATTITUDE -0.018482 1.777952 0.078269
33.7140 9 IMU_MAG -0.447754 1.298340 -1.176758
33.7240 9 IMU_GYRO -0.013672 0.054199 0.193604
33.7340 9 IMU_ACCEL 1.074219 -0.114258 -9.913086
33.8140 9 IMU_MAG -0.437500 1.302246 -1.178711
33.8240 9 IMU_GYRO 0.016846 0.023193 -0.016846
33.8340 9 IMU_ACCEL 1.044922 -0.114258 -9.989258
33.8940 9 ACTUATORS 1490,1490,1000,1000
33.9140 9 RC 0,0,0,0,0,0,0,0,0,0,0,0,0,0,0,0
33.9140 9 IMU_MAG -0.445801 1.292969 -1.178711
33.9240 9 IMU_GYRO 0.028564 0.016846 -0.227539
33.9340 9 AIR_DATA 100409.500000 0.000000 25.375000 997.856567 0.000000 -1.000000 -1.000000
33.9340 9 IMU_ACCEL 1.122070 -0.056641 -9.936523
33.9540 9 ATTITUDE -0.017970 1.785653 0.075840
34.0040 9 GPS 0 0 0 0 0 0 0 0 0 0 0
34.0040 9 SVINFO 0 0 0 0 0 0 0
34.0140 9 IMU_MAG -0.477539 1.276367 -1.171387
34.0240 9 IMU_GYRO 0.075439 0.042480 -0.395752
34.0340 9 IMU_ACCEL 1.083984 -0.046875 -10.093750
34.1140 9 IMU_MAG -0.527344 1.267090 -1.158203
34.1240 9 IMU_GYRO 0.069092 0.007324 -0.501221
34.1340 9 IMU_ACCEL 1.074219 0.003906 -9.931641
34.1440 9 ACTUATORS 1490,1490,1000,1000
34.1640 9 RC 0,0,0,0,0,0,0,0,0,0,0,0,0,0,0,0
34.1840 9 AIR_DATA 100416.000000 0.000000 25.375000 997.856567 0.000000 -1.000000 -1.000000
34.2040 9 ATTITUDE -0.014637 1.688137 0.070393
34.2140 9 IMU_MAG -0.573242 1.248535 -1.149414
34.2240 9 IMU_GYRO 0.075439 0.014893 -0.537354
34.2340 9 IMU_ACCEL 1.069336 -0.008789 -10.027344
34.3140 9 IMU_MAG -0.628906 1.224121 -1.136719
34.3240 9 IMU_GYRO 0.061523 0.041504 -0.480957
34.3340 9 IMU_ACCEL 1.054688 0.033203 -9.964844
34.3940 9 ACTUATORS 1490,1490,1000,1000
34.4140 9 RC 0,0,0,0,0,0,0,0,0,0,0,0,0,0,0,0
34.4140 9 IMU_MAG -0.678711 1.190918 -1.144043
34.4240 9 IMU_GYRO 0.051025 0.028564 -0.362793
34.4340 9 AIR_DATA 100410.000000 0.000000 25.375000 997.856567 0.000000 -1.000000 -1.000000
34.4340 9 IMU_ACCEL 1.112305 0.041992 -9.951172
34.4540 9 ATTITUDE -0.010426 1.587159 0.066566
34.5140 9 IMU_MAG -0.694336 1.181641 -1.129395
34.5240 9 IMU_GYRO 0.039307 0.006348 -0.184082
34.5340 9 IMU_ACCEL 1.126953 0.056641 -9.941406
34.5840 9 ENERGY 12.000000 0.000000 0 0.000000
34.6140 9 IMU_MAG -0.700195 1.161133 -1.125488
34.6240 9 IMU_GYRO 0.016846 0.034912 0.021240
34.6340 9 IMU_ACCEL 1.097656 0.089844 -9.926758
34.6440 9 ACTUATORS 1490,1490,1000,1000
34.6640 9 RC 0,0,0,0,0,0,0,0,0,0,0,0,0,0,0,0
34.6840 9 AIR_DATA 100413.250000 0.000000 25.437500 997.856567 0.000000 -1.000000 -1.000000
34.7040 9 ATTITUDE -0.009456 1.584253 0.064427
34.7140 9 IMU_MAG -0.682617 1.170410 -1.124023
34.7240 9 IMU_GYRO -0.018066 0.031738 0.218994
34.7340 9 IMU_ACCEL 1.097656 0.046875 -9.875000
34.8140 9 IMU_MAG -0.636719 1.175781 -1.145508
34.8240 9 IMU_GYRO -0.032959 0.020020 0.380859
34.8340 9 IMU_ACCEL 1.044922 0.076172 -10.027344
34.8940 9 ACTUATORS 1490,1490,1000,1000
34.9140 9 RC 0,0,0,0,0,0,0,0,0,0,0,0,0,0,0,0
34.9140 9 IMU_MAG -0.603027 1.200195 -1.158203
34.9240 9 IMU_GYRO -0.026367 0.028564 0.484131
34.9340 9 AIR_DATA 100410.500000 0.000000 25.437500 997.856567 0.000000 -1.000000 -1.000000
34.9340 9 IMU_ACCEL 1.054688 0.099609 -9.969727
34.9540 9 ATTITUDE -0.013235 1.692730 0.063127
35.0140 9 IMU_MAG -0.545410 1.220703 -1.165527
35.0240 9 GPS 0 0 0 0 0 0 0 0 0 0 0
35.0240 9 SVINFO 0 0 0 0 0 0 0
35.0240 9 IMU_GYRO -0.031738 0.030762 0.516113
35.0340 9 IMU_ACCEL 1.036133 0.041992 -9.898438
35.1040 9 DATALINK_REPORT 30 0 0 39844 0 0
35.1140 9 IMU_MAG -0.477539 1.239258 -1.184082
35.1240 9 IMU_GYRO -0.038086 0.042480 0.464844
35.1340 9 IMU_ACCEL 1.031250 -0.038086 -10.108398
35.1440 9 ACTUATORS 1490,1490,1000,1000
35.1640 9 RC 0,0,0,0,0,0,0,0,0,0,0,0,0,0,0,0
35.1840 9 AIR_DATA 100412.000000 0.000000 25.500000 997.856567 0.000000 -1.000000 -1.000000
35.2040 9 ATTITUDE -0.018053 1.826903 0.065043
35.2140 9 IMU_MAG -0.427734 1.253906 -1.187500
35.2240 9 IMU_GYRO -0.006348 0.049805 0.347900
35.2340 9 IMU_ACCEL 1.049805 0.038086 -9.951172
35.3140 9 IMU_MAG -0.394043 1.263184 -1.198730
35.3240 9 IMU_GYRO 0.000977 0.056396 0.176514
35.3340 9 IMU_ACCEL 0.993164 -0.081055 -10.037109
35.3940 9 ACTUATORS 1490,1490,1000,1000
35.4140 9 RC 0,0,0,0,0,0,0,0,0,0,0,0,0,0,0,0
35.4140 9 IMU_MAG -0.394043 1.270508 -1.202148
35.4240 9 IMU_GYRO 0.020020 0.049805 -0.020020
35.4340 9 AIR_DATA 100410.250000 0.000000 25.500000 997.856567 0.000000 -1.000000 -1.000000
35.4340 9 IMU_ACCEL 1.036133 -0.119141 -9.984375
35.4540 9 ATTITUDE -0.018737 1.881587 0.070662
35.5140 9 IMU_MAG -0.416016 1.272461 -1.212891
35.5240 9 IMU_GYRO 0.044678 0.060547 -0.207520
35.5340 9 IMU_ACCEL 1.021484 -0.089844 -9.916992
35.6140 9 IMU_MAG -0.461426 1.274414 -1.192871
35.6240 9 IMU_GYRO 0.070068 0.042480 -0.362793
35.6340 9 IMU_ACCEL 1.031250 -0.124023 -9.994141
35.6440 9 ACTUATORS 1490,1490,1000,1000
35.6640 9 RC 0,0,0,0,0,0,0,0,0,0,0,0,0,0,0,0
35.6840 9 AIR_DATA 100410.000000 0.000000 25.500000 997.856567 0.000000 -1.000000 -1.000000
35.7040 9 ATTITUDE -0.015560 1.823442 0.074910
35.7140 9 IMU_MAG -0.519531 1.265137 -1.172852
35.7240 9 IMU_GYRO 0.071289 0.025391 -0.463867
35.7340 9 IMU_ACCEL 1.049805 -0.124023 -9.936523
35.8140 9 IMU_MAG -0.575195 1.251953 -1.162109
35.8240 9 IMU_GYRO 0.074463 0.052979 -0.492676
35.8340 9 IMU_ACCEL 1.059570 -0.137695 -9.913086
35.8940 9 ACTUATORS 1490,1490,1000,1000
35.9140 9 RC 0,0,0,0,0,0,0,0,0,0,0,0,0,0,0,0
35.9140 9 IMU_MAG -0.622559 1.240723 -1.158203
35.9240 9 IMU_GYRO 0.067871 0.045654 -0.443604
35.9340 9 AIR_DATA 100406.750000 0.000000 25.562500 997.856567 0.000000 -1.000000 -1.000000
35.9340 9 IMU_ACCEL 1.117188 -0.109375 -10.012695
35.9540 9 ATTITUDE -0.011405 1.719431 0.076562
36.0140 9 IMU_MAG -0.686523 1.202148 -1.147461
36.0240 9 IMU_GYRO 0.057373 0.018066 -0.326660
36.0340 9 IMU_ACCEL 1.145508 -0.109375 -9.926758
36.0440 9 GPS 0 0 0 0 0 0 0 0 0 0 0
36.0440 9 SVINFO 0 0 0 0 0 0 0
36.1140 9 IMU_MAG -0.722168 1.198242 -1.125488
36.1240 9 IMU_GYRO 0.030762 0.045654 -0.163818
36.1340 9 IMU_ACCEL 1.092773 -0.028320 -9.903320
36.1440 9 ACTUATORS 1490,1490,1000,1000
36.1640 9 RC 0,0,0,0,0,0,0,0,0,0,0,0,0,0,0,0
36.1840 9 AIR_DATA 100408.500000 0.000000 25.562500 997.856567 0.000000 -1.000000 -1.000000
36.2040 9 ATTITUDE -0.009469 1.675504 0.076751
36.2140 9 IMU_MAG -0.742188 1.196289 -1.114746
36.2240 9 IMU_GYRO 0.028564 0.021240 0.023193
36.2340 9 IMU_ACCEL 1.054688 -0.076172 -9.959961
36.3140 9 IMU_MAG -0.728516 1.196289 -1.118164
36.3240 9 IMU_GYRO -0.010498 0.020020 0.207520
36.3340 9 IMU_ACCEL 1.044922 0.018555 -10.050781
36.3940 9 ACTUATORS 1490,1490,1000,1000
36.4140 9 RC 0,0,0,0,0,0,0,0,0,0,0,0,0,0,0,0
36.4140 9 IMU_MAG -0.702637 1.207520 -1.132812
36.4240 9 IMU_GYRO -0.027588 0.029785 0.355225
36.4340 9 AIR_DATA 100398.500000 0.000000 25.562500 997.856567 0.000000 -1.000000 -1.000000
36.4340 9 IMU_ACCEL 1.092773 -0.013672 -9.941406
36.4540 9 ATTITUDE -0.010754 1.742378 0.075061
36.5140 9 IMU_MAG -0.656738 1.220703 -1.136719
36.5240 9 IMU_GYRO -0.033936 0.016846 0.452148
36.5340 9 IMU_ACCEL 1.069336 0.023438 -9.860352
36.6140 9 IMU_MAG -0.590820 1.235352 -1.140137
36.6240 9 IMU_GYRO -0.033936 0.005127 0.475586
36.6340 9 IMU_ACCEL 1.079102 0.081055 -9.946289
36.6440 9 ACTUATORS 1490,1490,1000,1000
36.6640 9 RC 0,0,0,0,0,0,0,0,0,0,0,0,0,0,0,0
36.6840 9 AIR_DATA 100404.000000 0.000000 25.625000 997.856567 0.000000 -1.000000 -1.000000
36.7040 9 ATTITUDE -0.014287 1.871426 0.070318
36.7140 9 IMU_MAG -0.531250 1.246582 -1.142090
36.7240 9 IMU_GYRO -0.004150 0.024414 0.427734
36.7340 9 IMU_ACCEL 1.102539 0.061523 -9.959961
36.8140 9 IMU_MAG -0.469727 1.257812 -1.164062
36.8240 9 IMU_GYRO -0.005127 0.008301 0.316895
36.8340 9 IMU_ACCEL 1.074219 0.023438 -9.974609
36.8940 9 ACTUATORS 1490,1490,1000,1000
36.9140 9 RC 0,0,0,0,0,0,0,0,0,0,0,0,0,0,0,0
36.9140 9 IMU_MAG -0.423828 1.259277 -1.169434
36.9240 9 IMU_GYRO -0.000977 0.006348 0.155273
36.9340 9 AIR_DATA 100403.500000 0.000000 25.625000 997.856567 0.000000 -1.000000 -1.000000
36.9340 9 IMU_ACCEL 1.064453 0.127930 -9.979492
36.9540 9 ATTITUDE -0.017494 1.960132 0.067071
37.0140 9 IMU_MAG -0.399902 1.255859 -1.169434
37.0240 9 IMU_GYRO 0.000000 0.037109 -0.021240
37.0340 9 IMU_ACCEL 0.983398 0.084961 -9.974609
37.0640 9 GPS 0 0 0 0 0 0 0 0 0 0 0
37.0640 9 SVINFO 0 0 0 0 0 0 0
37.1140 9 IMU_MAG -0.397949 1.257812 -1.174805
37.1240 9 IMU_GYRO 0.038086 0.030762 -0.198975
37.1340 9 IMU_ACCEL 1.097656 0.114258 -9.913086
37.1440 9 ENERGY 12.000000 0.000000 0 0.000000
37.1440 9 ACTUATORS 1490,1490,1000,1000
37.1640 9 RC 0,0,0,0,0,0,0,0,0,0,0,0,0,0,0,0
37.1840 9 AIR_DATA 100402.000000 0.000000 25.625000 997.856567 0.000000 -1.000000 -1.000000
37.2040 9 ATTITUDE -0.016538 1.944236 0.067132
37.2140 9 IMU_MAG -0.437500 1.242676 -1.189453
37.2240 9 IMU_GYRO 0.041504 0.040283 -0.346924
37.2340 9 IMU_ACCEL 1.054688 0.051758 -10.002930
37.3140 9 IMU_MAG -0.459473 1.233398 -1.178711
37.3240 9 IMU_GYRO 0.054199 0.052002 -0.435059
37.3340 9 IMU_ACCEL 1.145508 -0.028320 -9.913086
37.3940 9 ACTUATORS 1490,1490,1000,1000
37.4140 9 RC 0,0,0,0,0,0,0,0,0,0,0,0,0,0,0,0
37.4140 9 IMU_MAG -0.509277 1.226074 -1.185547
37.4240 9 IMU_GYRO 0.074463 0.048828 -0.460693
37.4340 9 AIR_DATA 100404.500000 0.000000 25.687500 997.856567 0.000000 -1.000000 -1.000000
37.4340 9 IMU_ACCEL 1.092773 0.008789 -9.956055
37.4540 9 ATTITUDE -0.012533 1.852504 0.069400
37.5140 9 IMU_MAG -0.583008 1.211426 -1.172852
37.5240 9 IMU_GYRO 0.058350 0.032959 -0.407471
37.5340 9 IMU_ACCEL 1.135742 -0.094727 -9.903320
37.6140 9 IMU_MAG -0.626953 1.203613 -1.171387
37.6240 9 IMU_GYRO 0.058350 0.046631 -0.304199
37.6340 9 IMU_ACCEL 1.031250 -0.008789 -9.979492
37.6440 9 ACTUATORS 1490,1490,1000,1000
37.6640 9 RC 0,0,0,0,0,0,0,0,0,0,0,0,0,0,0,0
37.6840 9 AIR_DATA 100403.750000 0.000000 25.687500 997.856567 0.000000 -1.000000 -1.000000
37.7040 9 ATTITUDE -0.009621 1.780865 0.071856
37.7140 9 IMU_MAG -0.652832 1.187012 -1.169434
37.7240 9 IMU_GYRO 0.029785 0.054199 -0.144531
37.7340 9 IMU_ACCEL 1.087891 0.000000 -9.994141
37.8140 9 IMU_MAG -0.676758 1.190918 -1.158203
37.8240 9 IMU_GYRO 0.020020 0.027588 0.033936
37.8340 9 IMU_ACCEL 1.083984 -0.180664 -9.903320
37.8940 9 ACTUATORS 1490,1490,1000,1000
37.9140 9 RC 0,0,0,0,0,0,0,0,0,0,0,0,0,0,0,0
37.9140 9 IMU_MAG -0.678711 1.198242 -1.169434
37.9240 9 IMU_GYRO -0.008301 0.058350 0.199951
37.9340 9 AIR_DATA 100399.500000 0.000000 25.750000 997.856567 0.000000 -1.000000 -1.000000
37.9340 9 IMU_ACCEL 1.074219 -0.099609 -10.022461
37.9540 9 ATTITUDE -0.009816 1.805413 0.076096
38.0140 9 IMU_MAG -0.658691 1.202148 -1.167480
38.0240 9 IMU_GYRO -0.037109 0.059570 0.343506
38.0340 9 IMU_ACCEL 1.102539 -0.157227 -10.037109
38.0840 9 GPS 0 0 0 0 0 0 0 0 0 0 0
38.0840 9 SVINFO 0 0 0 0 0 0 0
38.1140 9 IMU_MAG -0.636719 1.218750 -1.154785
38.1240 9 IMU_GYRO -0.036133 0.044678 0.429932
38.1340 9 IMU_ACCEL 1.135742 -0.119141 -9.999023
38.1440 9 ACTUATORS 1490,1490,1000,1000
38.1640 9 RC 0,0,0,0,0,0,0,0,0,0,0,0,0,0,0,0
38.1840 9 AIR_DATA 100405.750000 0.000000 25.750000 997.856567 0.000000 -1.000000 -1.000000
38.2040 9 ATTITUDE -0.011621 1.915924 0.080948
38.2140 9 IMU_MAG -0.586914 1.250000 -1.154785
38.2240 9 IMU_GYRO -0.030762 0.052979 0.451172
38.2340 9 IMU_ACCEL 1.087891 -0.061523 -9.994141
38.3140 9 IMU_MAG -0.557129 1.261230 -1.164062
38.3240 9 IMU_GYRO -0.028564 0.045654 0.402100
38.3340 9 IMU_ACCEL 1.016602 -0.051758 -10.012695
38.3940 9 ACTUATORS 1490,1490,1000,1000
38.4140 9 RC 0,0,0,0,0,0,0,0,0,0,0,0,0,0,0,0
38.4140 9 IMU_MAG -0.505371 1.281738 -1.162109
38.4240 9 IMU_GYRO -0.008301 0.010498 0.295654
38.4340 9 AIR_DATA 100400.500000 0.000000 25.750000 997.856567 0.000000 -1.000000 -1.000000
38.4340 9 IMU_ACCEL 1.036133 -0.066406 -9.865234
38.4540 9 ATTITUDE -0.013275 2.026217 0.083108
38.5140 9 IMU_MAG -0.479492 1.287109 -1.162109
38.5240 9 IMU_GYRO -0.004150 0.024414 0.141357
38.5340 9 IMU_ACCEL 1.059570 -0.076172 -9.893555
38.6140 9 IMU_MAG -0.471680 1.289062 -1.156738
38.6240 9 IMU_GYRO 0.012695 0.039307 -0.031738
38.6340 9 IMU_ACCEL 1.044922 -0.038086 -9.959961
38.6440 9 ACTUATORS 1490,1490,1000,1000
38.6640 9 RC 0,0,0,0,0,0,0,0,0,0,0,0,0,0,0,0
38.6840 9 AIR_DATA 100401.500000 0.000000 25.812500 997.856567 0.000000 -1.000000 -1.000000
38.7040 9 ATTITUDE -0.013502 2.051787 0.081631
38.7140 9 IMU_MAG -0.479492 1.277832 -1.154785
38.7240 9 IMU_GYRO 0.025391 0.016846 -0.198975
38.7340 9 IMU_ACCEL 1.059570 0.008789 -9.936523
38.8140 9 IMU_MAG -0.515137 1.270508 -1.144043
38.8240 9 IMU_GYRO 0.061523 0.018066 -0.332031
38.8340 9 IMU_ACCEL 1.069336 0.081055 -9.921875
38.8940 9 ACTUATORS 1490,1490,1000,1000
38.9140 9 RC 0,0,0,0,0,0,0,0,0,0,0,0,0,0,0,0
38.9140 9 IMU_MAG -0.535156 1.259277 -1.145508
38.9240 9 IMU_GYRO 0.057373 0.034912 -0.412842
38.9340 9 AIR_DATA 100403.750000 0.000000 25.812500 997.856567 0.000000 -1.000000 -1.000000
38.9340 9 IMU_ACCEL 1.069336 0.071289 -9.994141
38.9540 9 ATTITUDE -0.011889 1.984379 0.077921
39.0140 9 IMU_MAG -0.570801 1.229980 -1.136719
39.0240 9 IMU_GYRO 0.071289 0.009521 -0.433105
39.0340 9 IMU_ACCEL 1.092773 0.084961 -9.969727
39.1040 9 GPS 0 0 0 0 0 0 0 0 0 0 0
39.1040 9 SVINFO 0 0 0 0 0 0 0
39.1140 9 IMU_MAG -0.618652 1.211426 -1.140137
39.1240 9 IMU_GYRO 0.046631 0.037109 -0.386230
39.1340 9 IMU_ACCEL 1.083984 0.094727 -9.984375
39.1440 9 ACTUATORS 1490,1490,1000,1000
39.1640 9 RC 0,0,0,0,0,0,0,0,0,0,0,0,0,0,0,0
39.1840 9 AIR_DATA 100402.000000 0.000000 25.812500 997.856567 0.000000 -1.000000 -1.000000
39.2040 9 ATTITUDE -0.008714 1.898602 0.074863
39.2140 9 IMU_MAG -0.640625 1.192871 -1.134766
39.2240 9 IMU_GYRO 0.040283 0.038086 -0.280762
39.2340 9 IMU_ACCEL 1.102539 0.081055 -9.931641
39.3140 9 IMU_MAG -0.658691 1.181641 -1.136719
39.3240 9 IMU_GYRO 0.020020 0.020020 -0.134033
39.3340 9 IMU_ACCEL 1.122070 0.046875 -9.936523
39.3940 9 ACTUATORS 1490,1490,1000,1000
39.4140 9 RC 0,0,0,0,0,0,0,0,0,0,0,0,0,0,0,0
39.4140 9 IMU_MAG -0.656738 1.183594 -1.142090
39.4240 9 IMU_GYRO 0.022217 0.028564 0.037109
39.4340 9 AIR_DATA 100398.500000 0.000000 25.812500 997.856567 0.000000 -1.000000 -1.000000
39.4340 9 IMU_ACCEL 1.083984 0.127930 -9.941406
39.4540 9 ATTITUDE -0.007465 1.883297 0.072188
39.5140 9 IMU_MAG -0.646484 1.185059 -1.154785
39.5240 9 IMU_GYRO 0.004150 0.032959 0.194580
39.5340 9 IMU_ACCEL 1.097656 0.089844 -9.916992
39.6140 9 IMU_MAG -0.606934 1.194336 -1.160156
39.6240 9 IMU_GYRO -0.018066 0.022217 0.322266
39.6340 9 IMU_ACCEL 1.130859 -0.038086 -9.908203
39.6440 9 ACTUATORS 1490,1490,1000,1000
39.6640 9 RC 0,0,0,0,0,0,0,0,0,0,0,0,0,0,0,0
39.6840 9 AIR_DATA 100404.500000 0.000000 25.875000 997.856567 0.000000 -1.000000 -1.000000
39.7040 9 ENERGY 12.000000 0.000000 0 0.000000
39.7040 9 ATTITUDE -0.009287 1.963545 0.071916
39.7140 9 IMU_MAG -0.566895 1.222168 -1.165527
39.7240 9 IMU_GYRO -0.057373 0.040283 0.403320
39.7340 9 IMU_ACCEL 1.122070 -0.018555 -9.959961
39.8140 9 IMU_MAG -0.529297 1.229980 -1.187500
39.8240 9 IMU_GYRO -0.023193 0.051025 0.423340
39.8340 9 IMU_ACCEL 1.087891 -0.066406 -10.027344
39.8940 9 ACTUATORS 1490,1490,1000,1000
39.9140 9 RC 0,0,0,0,0,0,0,0,0,0,0,0,0,0,0,0
39.9140 9 IMU_MAG -0.479492 1.240723 -1.200195
39.9240 9 IMU_GYRO -0.009521 0.036133 0.378662
39.9340 9 AIR_DATA 100403.500000 0.000000 25.875000 997.856567 0.000000 -1.000000 -1.000000
39.9340 9 IMU_ACCEL 1.049805 -0.018555 -9.888672
39.9540 9 ATTITUDE -0.012114 2.079632 0.076078
40.0140 9 IMU_MAG -0.437500 1.257812 -1.207520
40.0240 9 IMU_GYRO -0.020020 0.063721 0.274414
40.0340 9 IMU_ACCEL 1.036133 -0.076172 -9.979492
40.1140 9 IMU_MAG -0.425781 1.257812 -1.194824
40.1240 9 GPS 0 0 0 0 0 0 0 0 0 0 0
40.1240 9 SVINFO 0 0 0 0 0 0 0
40.1240 9 IMU_GYRO 0.010498 0.058350 0.128662
40.1340 9 IMU_ACCEL 1.036133 -0.124023 -10.017578
40.1440 9 ACTUATORS 1490,1490,1000,1000
40.1640 9 RC 0,0,0,0,0,0,0,0,0,0,0,0,0,0,0,0
40.1840 9 AIR_DATA 100401.000000 0.000000 25.937500 997.856567 0.000000 -1.000000 -1.000000
40.2040 9 ATTITUDE -0.012523 2.141869 0.082278
40.2140 9 IMU_MAG -0.431641 1.277832 -1.198730
40.2240 9 DATALINK_REPORT 35 0 0 58138 0 0
40.2240 9 IMU_GYRO 0.019043 0.046631 -0.030762
40.2340 9 IMU_ACCEL 1.087891 -0.137695 -10.012695
40.3140 9 IMU_MAG -0.447754 1.277832 -1.198730
40.3240 9 IMU_GYRO 0.040283 0.046631 -0.182861
40.3340 9 IMU_ACCEL 1.064453 -0.051758 -9.974609
40.3940 9 ACTUATORS 1490,1490,1000,1000
40.4140 9 RC 0,0,0,0,0,0,0,0,0,0,0,0,0,0,0,0
40.4140 9 IMU_MAG -0.487305 1.270508 -1.178711
40.4240 9 IMU_GYRO 0.057373 0.047852 -0.310547
40.4340 9 AIR_DATA 100403.500000 0.000000 25.937500 997.856567 0.000000 -1.000000 -1.000000
40.4340 9 IMU_ACCEL 1.049805 -0.127930 -9.994141
40.4540 9 ATTITUDE -0.010621 2.109459 0.086143
40.5140 9 IMU_MAG -0.537109 1.261230 -1.167480
40.5240 9 IMU_GYRO 0.057373 0.037109 -0.388428
40.5340 9 IMU_ACCEL 1.064453 -0.162109 -10.080078
40.6140 9 IMU_MAG -0.592773 1.244629 -1.156738
40.6240 9 IMU_GYRO 0.059570 0.038086 -0.402100
40.6340 9 IMU_ACCEL 1.112305 -0.084961 -9.916992
40.6440 9 ACTUATORS 1490,1490,1000,1000
40.6640 9 RC 0,0,0,0,0,0,0,0,0,0,0,0,0,0,0,0
40.6840 9 AIR_DATA 100404.000000 0.000000 25.937500 997.856567 0.000000 -1.000000 -1.000000
40.7040 9 ATTITUDE -0.008443 2.026053 0.087351
40.7140 9 IMU_MAG -0.646484 1.231445 -1.140137
40.7240 9 IMU_GYRO 0.057373 0.052002 -0.357422
40.7340 9 IMU_ACCEL 1.107422 -0.094727 -9.908203
40.8140 9 IMU_MAG -0.686523 1.218750 -1.122070
40.8240 9 IMU_GYRO 0.045654 0.021240 -0.257324
40.8340 9 IMU_ACCEL 1.069336 0.023438 -9.893555
40.8940 9 ACTUATORS 1490,1490,1000,1000
40.9140 9 RC 0,0,0,0,0,0,0,0,0,0,0,0,0,0,0,0
40.9140 9 IMU_MAG -0.714355 1.202148 -1.118164
40.9240 9 IMU_GYRO 0.030762 0.028564 -0.116943
40.9340 9 AIR_DATA 100401.000000 0.000000 25.937500 997.856567 0.000000 -1.000000 -1.000000
40.9340 9 IMU_ACCEL 1.122070 0.061523 -9.974609
40.9540 9 ATTITUDE -0.007077 1.979645 0.087309
41.0140 9 IMU_MAG -0.738281 1.198242 -1.114746
41.0240 9 IMU_GYRO 0.009521 0.032959 0.036133
41.0340 9 IMU_ACCEL 1.122070 -0.028320 -9.994141
41.1140 9 IMU_MAG -0.714355 1.205566 -1.102051
41.1240 9 IMU_GYRO 0.010498 0.004150 0.187256
41.1340 9 IMU_ACCEL 1.117188 0.142578 -9.921875
41.1440 9 GPS 0 0 0 0 0 0 0 0 0 0 0
41.1440 9 SVINFO 0 0 0 0 0 0 0
41.1440 9 ACTUATORS 1490,1490,1000,1000
41.1640 9 RC 0,0,0,0,0,0,0,0,0,0,0,0,0,0,0,0
41.1840 9 AIR_DATA 100406.250000 0.000000 26.000000 997.856567 0.000000 -1.000000 -1.000000
41.2040 9 ATTITUDE -0.007121 2.023514 0.084704
41.2140 9 IMU_MAG -0.672363 1.207520 -1.118164
41.2240 9 IMU_GYRO -0.019043 0.020020 0.307373
41.2340 9 IMU_ACCEL 1.092773 0.066406 -9.936523
41.3140 9 IMU_MAG -0.630859 1.220703 -1.132812
41.3240 9 IMU_GYRO -0.025391 0.014893 0.376709
41.3340 9 IMU_ACCEL 1.112305 0.028320 -9.931641
41.3940 9 ACTUATORS 1490,1490,1000,1000
41.4140 9 RC 0,0,0,0,0,0,0,0,0,0,0,0,0,0,0,0
41.4140 9 IMU_MAG -0.583008 1.228027 -1.144043
41.4240 9 IMU_GYRO -0.015869 -0.006348 0.390381
41.4340 9 AIR_DATA 100407.250000 0.000000 26.062500 997.856567 0.000000 -1.000000 -1.000000
41.4340 9 IMU_ACCEL 1.122070 0.119141 -9.956055
41.4540 9 ATTITUDE -0.008787 2.129918 0.080493
41.5140 9 IMU_MAG -0.521484 1.248535 -1.156738
41.5240 9 IMU_GYRO -0.032959 0.020020 0.346924
41.5340 9 IMU_ACCEL 1.044922 0.071289 -9.951172
41.6140 9 IMU_MAG -0.465332 1.240723 -1.171387
41.6240 9 IMU_GYRO -0.004150 0.025391 0.249023
41.6340 9 IMU_ACCEL 1.016602 0.137695 -9.941406
41.6440 9 ACTUATORS 1490,1490,1000,1000
41.6640 9 RC 0,0,0,0,0,0,0,0,0,0,0,0,0,0,0,0
41.6840 9 AIR_DATA 100401.250000 0.000000 26.000000 997.856567 0.000000 -1.000000 -1.000000
41.7040 9 ATTITUDE -0.010634 2.216199 0.077523
41.7140 9 IMU_MAG -0.427734 1.251953 -1.171387
41.7240 9 IMU_GYRO -0.024414 0.011475 0.112793
41.7340 9 IMU_ACCEL 1.069336 0.109375 -9.964844
41.8140 9 IMU_MAG -0.411621 1.251953 -1.185547
41.8240 9 IMU_GYRO 0.018066 0.033936 -0.034912
41.8340 9 IMU_ACCEL 1.097656 0.028320 -9.984375
41.8940 9 ACTUATORS 1490,1490,1000,1000
41.9140 9 RC 0,0,0,0,0,0,0,0,0,0,0,0,0,0,0,0
41.9140 9 IMU_MAG -0.409668 1.251953 -1.194824
41.9240 9 IMU_GYRO 0.028564 0.055176 -0.182861
41.9340 9 AIR_DATA 100404.750000 0.000000 26.062500 997.856567 0.000000 -1.000000 -1.000000
41.9340 9 IMU_ACCEL 1.097656 0.000000 -9.916992
41.9540 9 ATTITUDE -0.010162 2.219911 0.077569
42.0140 9 IMU_MAG -0.435547 1.253906 -1.191406
42.0240 9 IMU_GYRO 0.046631 0.033936 -0.290527
42.0340 9 IMU_ACCEL 1.074219 -0.051758 -9.964844
42.1140 9 IMU_MAG -0.477539 1.246582 -1.194824
42.1240 9 IMU_GYRO 0.055176 0.041504 -0.362793
42.1340 9 IMU_ACCEL 1.107422 -0.028320 -9.865234
42.1440 9 ACTUATORS 1490,1490,1000,1000
42.1640 9 GPS 0 0 0 0 0 0 0 0 0 0 0
42.1640 9 SVINFO 0 0 0 0 0 0 0
42.1640 9 RC 0,0,0,0,0,0,0,0,0,0,0,0,0,0,0,0
42.1840 9 AIR_DATA 100399.750000 0.000000 26.062500 997.856567 0.000000 -1.000000 -1.000000
42.2040 9 ATTITUDE -0.007453 2.152419 0.079151
42.2140 9 IMU_MAG -0.513184 1.220703 -1.196777
42.2240 9 IMU_GYRO 0.058350 0.054199 -0.378662
42.2340 9 IMU_ACCEL 1.036133 -0.038086 -9.984375
42.2640 9 ENERGY 12.000000 0.000000 0 0.000000
42.3140 9 IMU_MAG -0.562988 1.220703 -1.184082
42.3240 9 IMU_GYRO 0.044678 0.048828 -0.329834
42.3340 9 IMU_ACCEL 1.026367 -0.132812 -9.989258
42.3940 9 ACTUATORS 1490,1490,1000,1000
42.4140 9 RC 0,0,0,0,0,0,0,0,0,0,0,0,0,0,0,0
42.4140 9 IMU_MAG -0.608887 1.209473 -1.196777
42.4240 9 IMU_GYRO 0.042480 0.045654 -0.235107
42.4340 9 AIR_DATA 100408.500000 0.000000 26.125000 997.856567 0.000000 -1.000000 -1.000000
42.4340 9 IMU_ACCEL 1.122070 -0.099609 -10.002930
42.4540 9 ATTITUDE -0.004578 2.088009 0.082305
42.5140 9 IMU_MAG -0.650879 1.203613 -1.162109
42.5240 9 IMU_GYRO 0.021240 0.066895 -0.104248
42.5340 9 IMU_ACCEL 1.069336 -0.132812 -10.007812
42.6140 9 IMU_MAG -0.664551 1.198242 -1.154785
42.6240 9 IMU_GYRO 0.006348 0.055176 0.044678
42.6340 9 IMU_ACCEL 1.087891 -0.147461 -9.956055
42.6440 9 ACTUATORS 1490,1490,1000,1000
42.6640 9 RC 0,0,0,0,0,0,0,0,0,0,0,0,0,0,0,0
42.6840 9 AIR_DATA 100407.500000 0.000000 26.125000 997.856567 0.000000 -1.000000 -1.000000
42.7040 9 ATTITUDE -0.004407 2.096981 0.087077
42.7140 9 IMU_MAG -0.672363 1.216797 -1.152832
42.7240 9 IMU_GYRO -0.022217 0.058350 0.180908
42.7340 9 IMU_ACCEL 1.135742 -0.099609 -9.951172
42.8140 9 IMU_MAG -0.650879 1.214844 -1.154785
42.8240 9 IMU_GYRO -0.023193 0.064697 0.292480
42.8340 9 IMU_ACCEL 1.097656 -0.081055 -9.959961
42.8940 9 ACTUATORS 1490,1490,1000,1000
42.9140 9 RC 0,0,0,0,0,0,0,0,0,0,0,0,0,0,0,0
42.9140 9 IMU_MAG -0.630859 1.235352 -1.147461
42.9240 9 IMU_GYRO -0.009521 0.033936 0.357422
42.9340 9 AIR_DATA 100408.500000 0.000000 26.187500 997.856567 0.000000 -1.000000 -1.000000
42.9340 9 IMU_ACCEL 1.074219 -0.056641 -9.964844
42.9540 9 ATTITUDE -0.004799 2.183522 0.091493
43.0140 9 IMU_MAG -0.599121 1.248535 -1.136719
43.0240 9 IMU_GYRO -0.028564 0.042480 0.364990
43.0340 9 IMU_ACCEL 1.049805 -0.023438 -9.865234
43.1140 9 IMU_MAG -0.561035 1.259277 -1.144043
43.1240 9 IMU_GYRO -0.019043 0.028564 0.325439
43.1340 9 IMU_ACCEL 1.074219 -0.056641 -9.969727
43.1440 9 ACTUATORS 1490,1490,1000,1000
43.1640 9 RC 0,0,0,0,0,0,0,0,0,0,0,0,0,0,0,0
43.1840 9 GPS 0 0 0 0 0 0 0 0 0 0 0
43.1840 9 SVINFO 0 0 0 0 0 0 0
43.1840 9 AIR_DATA 100404.750000 0.000000 26.187500 997.856567 0.000000 -1.000000 -1.000000
43.2040 9 ATTITUDE -0.005172 2.282502 0.091920
43.2140 9 IMU_MAG -0.535156 1.272461 -1.145508
43.2240 9 IMU_GYRO -0.001953 0.010498 0.225586
43.2340 9 IMU_ACCEL 1.036133 0.018555 -9.994141
43.3140 9 IMU_MAG -0.505371 1.272461 -1.142090
43.3240 9 IMU_GYRO 0.013672 0.010498 0.099854
43.3340 9 IMU_ACCEL 1.097656 0.089844 -9.974609
43.3940 9 ACTUATORS 1490,1490,1000,1000
43.4140 9 RC 0,0,0,0,0,0,0,0,0,0,0,0,0,0,0,0
43.4140 9 IMU_MAG -0.499512 1.274414 -1.145508
43.4240 9 IMU_GYRO 0.010498 0.039307 -0.044678
43.4340 9 AIR_DATA 100405.250000 0.000000 26.187500 997.856567 0.000000 -1.000000 -1.000000
43.4340 9 IMU_ACCEL 1.031250 0.132812 -9.898438
43.4540 9 ATTITUDE -0.005277 2.319115 0.089223
43.5140 9 IMU_MAG -0.509277 1.274414 -1.138184
43.5240 9 IMU_GYRO 0.031738 0.025391 -0.180908
43.5340 9 IMU_ACCEL 1.041016 0.132812 -9.903320
43.6140 9 IMU_MAG -0.531250 1.257812 -1.144043
43.6240 9 IMU_GYRO 0.042480 0.022217 -0.287109
43.6340 9 IMU_ACCEL 1.059570 0.109375 -10.017578
43.6440 9 ACTUATORS 1490,1490,1000,1000
43.6640 9 RC 0,0,0,0,0,0,0,0,0,0,0,0,0,0,0,0
43.6840 9 AIR_DATA 100407.000000 0.000000 26.187500 997.856567 0.000000 -1.000000 -1.000000
43.7040 9 ATTITUDE -0.004497 2.274909 0.086048
43.7140 9 IMU_MAG -0.551270 1.248535 -1.136719
43.7240 9 IMU_GYRO 0.032959 0.030762 -0.347900
43.7340 9 IMU_ACCEL 1.130859 0.104492 -9.994141
43.8140 9 IMU_MAG -0.577148 1.239258 -1.147461
43.8240 9 IMU_GYRO 0.052979 0.028564 -0.359619
43.8340 9 IMU_ACCEL 1.044922 0.056641 -9.999023
43.8940 9 ACTUATORS 1490,1490,1000,1000
43.9140 9 RC 0,0,0,0,0,0,0,0,0,0,0,0,0,0,0,0
43.9140 9 IMU_MAG -0.592773 1.209473 -1.151367
43.9240 9 IMU_GYRO 0.058350 0.020020 -0.314941
43.9340 9 AIR_DATA 100411.500000 0.000000 26.250000 997.856567 0.000000 -1.000000 -1.000000
43.9340 9 IMU_ACCEL 1.102539 0.132812 -9.974609
43.9540 9 ATTITUDE -0.002885 2.203460 0.083617
44.0140 9 IMU_MAG -0.620605 1.194336 -1.158203
44.0240 9 IMU_GYRO 0.037109 0.041504 -0.215820
44.0340 9 IMU_ACCEL 1.079102 0.008789 -9.964844
44.1140 9 IMU_MAG -0.634766 1.185059 -1.158203
44.1240 9 IMU_GYRO 0.019043 0.030762 -0.090332
44.1340 9 IMU_ACCEL 1.126953 -0.076172 -9.903320
44.1440 9 ACTUATORS 1490,1490,1000,1000
44.1640 9 RC 0,0,0,0,0,0,0,0,0,0,0,0,0,0,0,0
44.1840 9 AIR_DATA 100403.500000 0.000000 26.250000 997.856567 0.000000 -1.000000 -1.000000
44.2040 9 GPS 0 0 0 0 0 0 0 0 0 0 0
44.2040 9 SVINFO 0 0 0 0 0 0 0
44.2040 9 ATTITUDE -0.002131 2.181698 0.082105
44.2140 9 IMU_MAG -0.618652 1.190918 -1.171387
44.2240 9 IMU_GYRO 0.011475 0.014893 0.052002
44.2340 9 IMU_ACCEL 1.079102 -0.076172 -9.903320
44.3140 9 IMU_MAG -0.604980 1.192871 -1.178711
44.3240 9 IMU_GYRO 0.003174 0.032959 0.181885
44.3340 9 IMU_ACCEL 1.026367 -0.056641 -9.974609
44.3940 9 ACTUATORS 1490,1490,1000,1000
44.4140 9 RC 0,0,0,0,0,0,0,0,0,0,0,0,0,0,0,0
44.4140 9 IMU_MAG -0.568848 1.209473 -1.180176
44.4240 9 IMU_GYRO -0.019043 0.042480 0.281982
44.4340 9 AIR_DATA 100409.500000 0.000000 26.250000 997.856567 0.000000 -1.000000 -1.000000
44.4340 9 IMU_ACCEL 1.092773 -0.081055 -9.840820
44.4540 9 ATTITUDE -0.002892 2.241424 0.082748
44.5140 9 IMU_MAG -0.555176 1.222168 -1.192871
44.5240 9 IMU_GYRO -0.015869 0.041504 0.344727
44.5340 9 IMU_ACCEL 1.049805 -0.076172 -9.908203
44.6140 9 IMU_MAG -0.507324 1.231445 -1.200195
44.6240 9 IMU_GYRO -0.016846 0.054199 0.350098
44.6340 9 IMU_ACCEL 1.083984 -0.170898 -9.946289
44.6440 9 ACTUATORS 1490,1490,1000,1000
44.6640 9 RC 0,0,0,0,0,0,0,0,0,0,0,0,0,0,0,0
44.6840 9 AIR_DATA 100408.750000 0.000000 26.312500 997.856567 0.000000 -1.000000 -1.000000
44.7040 9 ATTITUDE -0.003820 2.341231 0.086755
44.7140 9 IMU_MAG -0.491211 1.248535 -1.204102
44.7240 9 IMU_GYRO 0.012695 0.045654 0.306396
44.7340 9 IMU_ACCEL 1.021484 -0.119141 -9.959961
44.8140 9 IMU_MAG -0.465332 1.261230 -1.200195
44.8240 9 ENERGY 12.000000 0.000000 0 0.000000
44.8240 9 IMU_GYRO -0.003174 0.039307 0.215820
44.8340 9 IMU_ACCEL 1.087891 -0.061523 -9.941406
44.8940 9 ACTUATORS 1490,1490,1000,1000
44.9140 9 RC 0,0,0,0,0,0,0,0,0,0,0,0,0,0,0,0
44.9140 9 IMU_MAG -0.455566 1.276367 -1.200195
44.9240 9 IMU_GYRO 0.007324 0.048828 0.091309
44.9340 9 AIR_DATA 100405.250000 0.000000 26.312500 997.856567 0.000000 -1.000000 -1.000000
44.9340 9 IMU_ACCEL 1.079102 -0.033203 -10.060547
44.9540 9 ATTITUDE -0.003431 2.405984 0.090743
45.0140 9 IMU_MAG -0.465332 1.267090 -1.191406
45.0240 9 IMU_GYRO 0.024414 0.046631 -0.043457
45.0340 9 IMU_ACCEL 1.069336 -0.104492 -9.875000
45.1140 9 IMU_MAG -0.479492 1.268555 -1.178711
45.1240 9 IMU_GYRO 0.027588 0.044678 -0.171143
45.1340 9 IMU_ACCEL 1.079102 -0.046875 -9.875000
45.1440 9 ACTUATORS 1490,1490,1000,1000
45.1640 9 RC 0,0,0,0,0,0,0,0,0,0,0,0,0,0,0,0
45.1840 9 AIR_DATA 100412.500000 0.000000 26.375000 997.856567 0.000000 -1.000000 -1.000000
45.2040 9 ATTITUDE -0.002117 2.392074 0.093451
45.2140 9 IMU_MAG -0.531250 1.276367 -1.162109
45.2240 9 GPS 0 0 0 0 0 0 0 0 0 0 0
45.2240 9 SVINFO 0 0 0 0 0 0 0
45.2240 9 IMU_GYRO 0.040283 0.055176 -0.271240
45.2340 9 IMU_ACCEL 1.087891 -0.018555 -9.964844
45.3140 9 IMU_MAG -0.570801 1.259277 -1.145508
45.3240 9 IMU_GYRO 0.052002 0.033936 -0.333008
45.3340 9 IMU_ACCEL 1.064453 -0.028320 -10.012695
45.3440 9 DATALINK_REPORT 40 0 0 11706 0 0
45.3940 9 ACTUATORS 1490,1490,1000,1000
45.4140 9 RC 0,0,0,0,0,0,0,0,0,0,0,0,0,0,0,0
45.4140 9 IMU_MAG -0.612793 1.251953 -1.134766
45.4240 9 IMU_GYRO 0.042480 0.041504 -0.339355
45.4340 9 AIR_DATA 100411.750000 0.000000 26.375000 997.856567 0.000000 -1.000000 -1.000000
45.4340 9 IMU_ACCEL 1.126953 0.013672 -9.951172
45.4540 9 ATTITUDE -0.000836 2.326111 0.095551
45.5140 9 IMU_MAG -0.660645 1.237305 -1.112793
45.5240 9 IMU_GYRO 0.055176 0.033936 -0.290527
45.5340 9 IMU_ACCEL 1.087891 0.028320 -9.936523
45.6140 9 IMU_MAG -0.686523 1.205566 -1.104004
45.6240 9 IMU_GYRO 0.038086 0.030762 -0.199951
45.6340 9 IMU_ACCEL 1.097656 -0.003906 -9.974609
45.6440 9 ACTUATORS 1490,1490,1000,1000
45.6640 9 RC 0,0,0,0,0,0,0,0,0,0,0,0,0,0,0,0
45.6840 9 AIR_DATA 100410.750000 0.000000 26.375000 997.856567 0.000000 -1.000000 -1.000000
45.7040 9 ATTITUDE -0.000059 2.280615 0.096256
45.7140 9 IMU_MAG -0.710449 1.203613 -1.112793
45.7240 9 IMU_GYRO 0.047852 0.015869 -0.080811
45.7340 9 IMU_ACCEL 1.126953 0.094727 -9.898438
45.8140 9 IMU_MAG -0.710449 1.205566 -1.104004
45.8240 9 IMU_GYRO 0.022217 0.032959 0.047852
45.8340 9 IMU_ACCEL 1.087891 0.099609 -9.969727
45.8940 9 ACTUATORS 1490,1490,1000,1000
45.9140 9 RC 0,0,0,0,0,0,0,0,0,0,0,0,0,0,0,0
45.9140 9 IMU_MAG -0.690430 1.202148 -1.118164
45.9240 9 IMU_GYRO -0.006348 0.029785 0.169189
45.9340 9 AIR_DATA 100408.500000 0.000000 26.375000 997.856567 0.000000 -1.000000 -1.000000
45.9340 9 IMU_ACCEL 1.126953 0.114258 -9.964844
45.9540 9 ATTITUDE 0.000638 2.308596 0.093488
46.0140 9 IMU_MAG -0.658691 1.207520 -1.116699
46.0240 9 IMU_GYRO 0.009521 0.000000 0.269043
46.0340 9 IMU_ACCEL 1.087891 0.071289 -9.951172
46.1140 9 IMU_MAG -0.596680 1.218750 -1.144043
46.1240 9 IMU_GYRO -0.019043 0.027588 0.321289
46.1340 9 IMU_ACCEL 1.130859 0.081055 -10.060547
46.1440 9 ACTUATORS 1490,1490,1000,1000
46.1640 9 RC 0,0,0,0,0,0,0,0,0,0,0,0,0,0,0,0
46.1840 9 AIR_DATA 100409.750000 0.000000 26.375000 997.856567 0.000000 -1.000000 -1.000000
46.2040 9 ATTITUDE -0.000060 2.396606 0.088732
46.2140 9 IMU_MAG -0.551270 1.231445 -1.160156
46.2240 9 IMU_GYRO -0.014893 0.016846 0.328613
46.2340 9 IMU_ACCEL 1.112305 0.051758 -9.916992
46.2440 9 GPS 0 0 0 0 0 0 0 0 0 0 0
46.2440 9 SVINFO 0 0 0 0 0 0 0
46.3140 9 IMU_MAG -0.507324 1.239258 -1.171387
46.3240 9 IMU_GYRO -0.018066 0.024414 0.283936
46.3340 9 IMU_ACCEL 1.041016 0.008789 -9.974609
46.3940 9 ACTUATORS 1490,1490,1000,1000
46.4140 9 RC 0,0,0,0,0,0,0,0,0,0,0,0,0,0,0,0
46.4140 9 IMU_MAG -0.447754 1.244629 -1.180176
46.4240 9 IMU_GYRO -0.001953 0.023193 0.197754
46.4340 9 AIR_DATA 100411.500000 0.000000 26.437500 997.856567 0.000000 -1.000000 -1.000000
46.4340 9 IMU_ACCEL 1.083984 0.046875 -9.916992
46.4540 9 ATTITUDE -0.001300 2.478558 0.085561
46.5140 9 IMU_MAG -0.433594 1.240723 -1.198730
46.5240 9 IMU_GYRO -0.010498 0.038086 0.078613
46.5340 9 IMU_ACCEL 1.044922 -0.003906 -9.946289
46.6140 9 IMU_MAG -0.423828 1.246582 -1.211426
46.6240 9 IMU_GYRO 0.014893 0.033936 -0.047852
46.6340 9 IMU_ACCEL 1.044922 -0.008789 -10.050781
46.6440 9 ACTUATORS 1490,1490,1000,1000
46.6640 9 RC 0,0,0,0,0,0,0,0,0,0,0,0,0,0,0,0
46.6840 9 AIR_DATA 100415.750000 0.000000 26.437500 997.856567 0.000000 -1.000000 -1.000000
46.7040 9 ATTITUDE -0.001170 2.495613 0.085433
46.7140 9 IMU_MAG -0.431641 1.244629 -1.216797
46.7240 9 IMU_GYRO 0.094482 0.043457 -0.166992
46.7340 9 IMU_ACCEL 1.064453 -0.104492 -9.916992
46.8140 9 IMU_MAG -0.453613 1.246582 -1.205566
46.8240 9 IMU_GYRO 0.034912 0.054199 -0.256348
46.8340 9 IMU_ACCEL 1.117188 -0.076172 -9.931641
46.8940 9 ACTUATORS 1490,1490,1000,1000
46.9140 9 RC 0,0,0,0,0,0,0,0,0,0,0,0,0,0,0,0
46.9140 9 IMU_MAG -0.479492 1.239258 -1.205566
46.9240 9 IMU_GYRO 0.037109 0.046631 -0.308594
46.9340 9 AIR_DATA 100412.000000 0.000000 26.500000 997.856567 0.000000 -1.000000 -1.000000
46.9340 9 IMU_ACCEL 1.117188 -0.137695 -9.994141
46.9540 9 ATTITUDE 0.000444 2.447024 0.087753
47.0140 9 IMU_MAG -0.527344 1.224121 -1.196777
47.0240 9 IMU_GYRO 0.045654 0.051025 -0.313721
47.0340 9 IMU_ACCEL 1.044922 -0.109375 -9.840820
47.1140 9 IMU_MAG -0.570801 1.222168 -1.180176
47.1240 9 IMU_GYRO 0.032959 0.058350 -0.271240
47.1340 9 IMU_ACCEL 1.117188 -0.185547 -9.999023
47.1440 9 ACTUATORS 1490,1490,1000,1000
47.1640 9 RC 0,0,0,0,0,0,0,0,0,0,0,0,0,0,0,0
47.1840 9 AIR_DATA 100415.750000 0.000000 26.500000 997.856567 0.000000 -1.000000 -1.000000
47.2040 9 ATTITUDE 0.001923 2.390295 0.091987
47.2140 9 IMU_MAG -0.616699 1.212891 -1.176758
47.2240 9 IMU_GYRO 0.041504 0.033936 -0.181885
47.2340 9 IMU_ACCEL 1.064453 -0.109375 -9.951172
47.2640 9 GPS 0 0 0 0 0 0 0 0 0 0 0
47.2640 9 SVINFO 0 0 0 0 0 0 0
47.3140 9 IMU_MAG -0.646484 1.209473 -1.156738
47.3240 9 IMU_GYRO 0.013672 0.059570 -0.072266
47.3340 9 IMU_ACCEL 1.102539 -0.142578 -9.883789
47.3840 9 ENERGY 12.000000 0.000000 0 0.000000
47.3940 9 ACTUATORS 1490,1490,1000,1000
47.4140 9 RC 0,0,0,0,0,0,0,0,0,0,0,0,0,0,0,0
47.4140 9 IMU_MAG -0.666504 1.203613 -1.149414
47.4240 9 IMU_GYRO 0.000000 0.059570 0.052979
47.4340 9 AIR_DATA 100411.750000 0.000000 26.500000 997.856567 0.000000 -1.000000 -1.000000
47.4340 9 IMU_ACCEL 1.092773 -0.061523 -9.956055
47.4540 9 ATTITUDE 0.002496 2.389493 0.096764
47.5140 9 IMU_MAG -0.676758 1.214844 -1.136719
47.5240 9 IMU_GYRO -0.001953 0.042480 0.166016
47.5340 9 IMU_ACCEL 1.102539 -0.041992 -10.012695
47.6140 9 IMU_MAG -0.658691 1.226074 -1.124023
47.6240 9 IMU_GYRO -0.013672 0.051025 0.257324
47.6340 9 IMU_ACCEL 1.059570 0.033203 -9.921875
47.6440 9 ACTUATORS 1490,1490,1000,1000
47.6640 9 RC 0,0,0,0,0,0,0,0,0,0,0,0,0,0,0,0
47.6840 9 AIR_DATA 100412.500000 0.000000 26.500000 997.856567 0.000000 -1.000000 -1.000000
47.7040 9 ATTITUDE 0.002417 2.457554 0.098991
47.7140 9 IMU_MAG -0.636719 1.233398 -1.124023
47.7240 9 IMU_GYRO -0.025391 0.034912 0.305420
47.7340 9 IMU_ACCEL 1.102539 0.041992 -9.878906
47.8140 9 IMU_MAG -0.614746 1.253906 -1.125488
47.8240 9 IMU_GYRO -0.001953 0.018066 0.308594
47.8340 9 IMU_ACCEL 1.102539 0.038086 -9.916992
47.8940 9 ACTUATORS 1490,1490,1000,1000
47.9140 9 RC 0,0,0,0,0,0,0,0,0,0,0,0,0,0,0,0
47.9140 9 IMU_MAG -0.581055 1.263184 -1.129395
47.9240 9 IMU_GYRO -0.010498 0.028564 0.259521
47.9340 9 AIR_DATA 100412.500000 0.000000 26.562500 997.856567 0.000000 -1.000000 -1.000000
47.9340 9 IMU_ACCEL 1.064453 0.038086 -9.908203
47.9540 9 ATTITUDE 0.002004 2.545979 0.097315
48.0140 9 IMU_MAG -0.539062 1.268555 -1.134766
48.0240 9 IMU_GYRO 0.013672 0.015869 0.179688
48.0340 9 IMU_ACCEL 1.054688 0.084961 -9.878906
48.1140 9 IMU_MAG -0.525391 1.272461 -1.134766
48.1240 9 IMU_GYRO 0.014893 0.013672 0.066895
48.1340 9 IMU_ACCEL 1.102539 0.089844 -10.032227
48.1440 9 ACTUATORS 1490,1490,1000,1000
48.1640 9 RC 0,0,0,0,0,0,0,0,0,0,0,0,0,0,0,0
48.1840 9 AIR_DATA 100418.000000 0.000000 26.562500 997.856567 0.000000 -1.000000 -1.000000
48.2040 9 ATTITUDE 0.001731 2.588971 0.094166
48.2140 9 IMU_MAG -0.503418 1.265137 -1.147461
48.2240 9 IMU_GYRO 0.026367 0.021240 -0.054199
48.2340 9 IMU_ACCEL 1.087891 0.076172 -9.974609
48.2840 9 GPS 0 0 0 0 0 0 0 0 0 0 0
48.2840 9 SVINFO 0 0 0 0 0 0 0
48.3140 9 IMU_MAG -0.507324 1.263184 -1.152832
48.3240 9 IMU_GYRO 0.018066 0.029785 -0.166992
48.3340 9 IMU_ACCEL 1.107422 0.089844 -9.974609
48.3940 9 ACTUATORS 1490,1490,1000,1000
48.4140 9 RC 0,0,0,0,0,0,0,0,0,0,0,0,0,0,0,0
48.4140 9 IMU_MAG -0.515137 1.253906 -1.145508
48.4240 9 IMU_GYRO 0.045654 0.009521 -0.247803
48.4340 9 AIR_DATA 100409.000000 0.000000 26.562500 997.856567 0.000000 -1.000000 -1.000000
48.4340 9 IMU_ACCEL 1.102539 0.046875 -10.002930
48.4540 9 ATTITUDE 0.001965 2.562348 0.091755
48.5140 9 IMU_MAG -0.531250 1.244629 -1.160156
48.5240 9 IMU_GYRO 0.052979 0.019043 -0.293701
48.5340 9 IMU_ACCEL 1.069336 0.008789 -9.959961
48.6140 9 IMU_MAG -0.562988 1.224121 -1.174805
48.6240 9 IMU_GYRO 0.039307 0.038086 -0.297852
48.6340 9 IMU_ACCEL 1.117188 -0.023438 -10.017578
48.6440 9 ACTUATORS 1490,1490,1000,1000
48.6640 9 RC 0,0,0,0,0,0,0,0,0,0,0,0,0,0,0,0
48.6840 9 AIR_DATA 100417.250000 0.000000 26.625000 997.856567 0.000000 -1.000000 -1.000000
48.7040 9 ATTITUDE 0.003131 2.503680 0.090023
48.7140 9 IMU_MAG -0.564941 1.224121 -1.171387
48.7240 9 IMU_GYRO 0.000977 0.015869 -0.250000
48.7340 9 IMU_ACCEL 1.054688 -0.051758 -10.050781
48.8140 9 IMU_MAG -0.586914 1.205566 -1.180176
48.8240 9 IMU_GYRO 0.037109 0.031738 -0.167969
48.8340 9 IMU_ACCEL 1.130859 -0.041992 -9.903320
48.8940 9 ACTUATORS 1490,1490,1000,1000
48.9140 9 RC 0,0,0,0,0,0,0,0,0,0,0,0,0,0,0,0
48.9140 9 IMU_MAG -0.594727 1.203613 -1.192871
48.9240 9 IMU_GYRO 0.029785 0.031738 -0.061523
48.9340 9 AIR_DATA 100415.500000 0.000000 26.625000 997.856567 0.000000 -1.000000 -1.000000
48.9340 9 IMU_ACCEL 1.122070 -0.071289 -9.956055
48.9540 9 ATTITUDE 0.004228 2.478863 0.088875
49.0140 9 IMU_MAG -0.590820 1.200195 -1.189453
49.0240 9 IMU_GYRO 0.015869 0.027588 0.057373
49.0340 9 IMU_ACCEL 1.087891 -0.094727 -9.956055
49.1140 9 IMU_MAG -0.590820 1.214844 -1.185547
49.1240 9 IMU_GYRO 0.001953 0.045654 0.164795
49.1340 9 IMU_ACCEL 1.069336 -0.142578 -9.984375
49.1440 9 ACTUATORS 1490,1490,1000,1000
49.1640 9 RC 0,0,0,0,0,0,0,0,0,0,0,0,0,0,0,0
49.1840 9 AIR_DATA 100412.750000 0.000000 26.625000 997.856567 0.000000 -1.000000 -1.000000
49.2040 9 ATTITUDE 0.004539 2.522509 0.090041
49.2140 9 IMU_MAG -0.561035 1.214844 -1.184082
49.2240 9 IMU_GYRO -0.005127 0.054199 0.249023
49.2340 9 IMU_ACCEL 1.069336 -0.109375 -9.951172
49.3040 9 GPS 0 0 0 0 0 0 0 0 0 0 0
49.3040 9 SVINFO 0 0 0 0 0 0 0
49.3140 9 IMU_MAG -0.551270 1.226074 -1.200195
49.3240 9 IMU_GYRO -0.013672 0.042480 0.289307
49.3340 9 IMU_ACCEL 1.126953 -0.180664 -9.908203
49.3940 9 ACTUATORS 1490,1490,1000,1000
49.4140 9 RC 0,0,0,0,0,0,0,0,0,0,0,0,0,0,0,0
49.4140 9 IMU_MAG -0.521484 1.229980 -1.194824
49.4240 9 IMU_GYRO 0.003174 0.040283 0.294678
49.4340 9 AIR_DATA 100424.000000 0.000000 26.687500 997.856567 0.000000 -1.000000 -1.000000
49.4340 9 IMU_ACCEL 1.083984 -0.124023 -9.969727
49.4540 9 ATTITUDE 0.003930 2.608098 0.093105
49.5140 9 IMU_MAG -0.513184 1.246582 -1.192871
49.5240 9 IMU_GYRO -0.018066 0.056396 0.247803
49.5340 9 IMU_ACCEL 1.031250 -0.119141 -9.916992
49.6140 9 IMU_MAG -0.483398 1.263184 -1.176758
49.6240 9 IMU_GYRO 0.001953 0.038086 0.167969
49.6340 9 IMU_ACCEL 1.130859 -0.003906 -9.931641
49.6440 9 ACTUATORS 1490,1490,1000,1000
49.6640 9 RC 0,0,0,0,0,0,0,0,0,0,0,0,0,0,0,0
49.6840 9 AIR_DATA 100409.250000 0.000000 26.625000 997.856567 0.000000 -1.000000 -1.000000
49.7040 9 ATTITUDE 0.004092 2.672575 0.096401
49.7140 9 IMU_MAG -0.497559 1.267090 -1.167480
49.7240 9 IMU_GYRO -0.026367 0.054199 0.060547
49.7340 9 IMU_ACCEL 1.069336 -0.051758 -9.921875
49.8140 9 IMU_MAG -0.515137 1.265137 -1.162109
49.8240 9 IMU_GYRO 0.019043 0.059570 -0.055176
49.8340 9 IMU_ACCEL 1.064453 -0.013672 -9.979492
49.8940 9 ACTUATORS 1490,1490,1000,1000
49.9140 9 RC 0,0,0,0,0,0,0,0,0,0,0,0,0,0,0,0
49.9140 9 IMU_MAG -0.531250 1.265137 -1.152832
49.9240 9 IMU_GYRO 0.031738 0.042480 -0.159424
49.9340 9 AIR_DATA 100419.250000 0.000000 26.687500 997.856567 0.000000 -1.000000 -1.000000
49.9340 9 IMU_ACCEL 1.054688 0.051758 -9.969727
49.9440 9 ENERGY 11.900000 0.000000 0 0.000000
49.9540 9 ATTITUDE 0.004631 2.672693 0.099166
50.0140 9 IMU_MAG -0.555176 1.265137 -1.131348
50.0240 9 IMU_GYRO 0.044678 0.044678 -0.238281
50.0340 9 IMU_ACCEL 1.036133 0.061523 -10.007812
50.1140 9 IMU_MAG -0.599121 1.250000 -1.129395
50.1240 9 IMU_GYRO 0.044678 0.049805 -0.281982
50.1340 9 IMU_ACCEL 1.083984 0.046875 -9.941406
50.1440 9 ACTUATORS 1490,1490,1000,1000
50.1640 9 RC 0,0,0,0,0,0,0,0,0,0,0,0,0,0,0,0
50.1840 9 AIR_DATA 100418.250000 0.000000 26.750000 997.856567 0.000000 -1.000000 -1.000000
50.2040 9 ATTITUDE 0.005102 2.622166 0.101368
50.2140 9 IMU_MAG -0.628906 1.239258 -1.109375
50.2240 9 IMU_GYRO 0.057373 0.021240 -0.282959
50.2340 9 IMU_ACCEL 1.087891 0.089844 -9.888672
50.3140 9 IMU_MAG -0.654785 1.231445 -1.110840
50.3240 9 GPS 0 0 0 0 0 0 0 0 0 0 0
50.3240 9 SVINFO 0 0 0 0 0 0 0
50.3240 9 IMU_GYRO 0.045654 0.032959 -0.237305
50.3340 9 IMU_ACCEL 1.126953 0.114258 -9.979492
50.3940 9 ACTUATORS 1490,1490,1000,1000
50.4140 9 RC 0,0,0,0,0,0,0,0,0,0,0,0,0,0,0,0
50.4140 9 IMU_MAG -0.674316 1.216797 -1.102051
50.4240 9 IMU_GYRO 0.046631 0.025391 -0.157471
50.4340 9 AIR_DATA 100415.250000 0.000000 26.750000 997.856567 0.000000 -1.000000 -1.000000
50.4340 9 IMU_ACCEL 1.178711 0.132812 -9.888672
50.4540 9 ATTITUDE 0.005986 2.579902 0.101314
50.4640 9 DATALINK_REPORT 45 0 0 31671 0 0
50.5140 9 IMU_MAG -0.680664 1.205566 -1.122070
50.5240 9 IMU_GYRO 0.016846 0.025391 -0.055176
50.5340 9 IMU_ACCEL 1.006836 0.076172 -9.989258
50.6140 9 IMU_MAG -0.672363 1.209473 -1.124023
50.6240 9 IMU_GYRO 0.006348 0.025391 0.054199
50.6340 9 IMU_ACCEL 1.064453 0.028320 -9.969727
50.6440 9 ACTUATORS 1490,1490,1000,1000
50.6640 9 RC 0,0,0,0,0,0,0,0,0,0,0,0,0,0,0,0
50.6840 9 AIR_DATA 100414.250000 0.000000 26.750000 997.856567 0.000000 -1.000000 -1.000000
50.7040 9 ATTITUDE 0.006358 2.596121 0.097198
50.7140 9 IMU_MAG -0.650879 1.207520 -1.144043
50.7240 9 IMU_GYRO -0.005127 0.015869 0.156250
50.7340 9 IMU_ACCEL 1.083984 0.023438 -9.969727
50.8140 9 IMU_MAG -0.614746 1.220703 -1.156738
50.8240 9 IMU_GYRO 0.011475 -0.128662 0.197754
50.8340 9 IMU_ACCEL 1.776367 -0.876953 -10.690430
50.8940 9 ACTUATORS 1490,1490,1000,1000
50.9140 9 RC 0,0,0,0,0,0,0,0,0,0,0,0,0,0,0,0
50.9140 9 IMU_MAG -0.584961 1.216797 -1.152832
50.9240 9 IMU_GYRO 0.021240 -0.285156 0.132812
50.9340 9 AIR_DATA 100416.250000 0.000000 26.750000 997.856567 0.000000 -1.000000 -1.000000
50.9340 9 IMU_ACCEL 1.216797 -0.357422 -10.308594
50.9540 9 ATTITUDE 0.006618 2.652541 0.061234
51.0140 9 IMU_MAG -0.521484 1.228027 -1.176758
51.0240 9 IMU_GYRO 0.014893 -0.463867 -0.313721
51.0340 9 IMU_ACCEL 0.462891 0.405273 -9.622070
51.1140 9 IMU_MAG -0.660645 1.226074 -1.120117
51.1240 9 IMU_GYRO 0.040283 0.003174 -0.200928
51.1340 9 IMU_ACCEL -1.379883 -1.086914 -10.336914
51.1440 9 ACTUATORS 1490,1490,1000,1000
51.1640 9 RC 0,0,0,0,0,0,0,0,0,0,0,0,0,0,0,0
51.1840 9 AIR_DATA 100408.000000 0.000000 26.750000 997.856567 0.000000 -1.000000 -1.000000
51.2040 9 ATTITUDE 0.006298 2.615072 -0.013284
51.2140 9 IMU_MAG -0.601074 1.222168 -1.149414
51.2240 9 IMU_GYRO -0.025391 -0.938477 -0.221191
51.2340 9 IMU_ACCEL 0.003906 0.967773 -10.538086
51.3140 9 IMU_MAG -0.409668 1.194336 -1.191406
51.3240 9 IMU_GYRO -0.060547 -2.196533 -0.191406
51.3340 9 IMU_ACCEL -1.298828 0.686523 -10.948242
51.3440 9 GPS 0 0 0 0 0 0 0 0 0 0 0
51.3440 9 SVINFO 0 0 0 0 0 0 0
51.3940 9 ACTUATORS 1490,1490,1000,1000
51.4140 9 RC 0,0,0,0,0,0,0,0,0,0,0,0,0,0,0,0
51.4140 9 IMU_MAG -0.163086 1.149902 -1.216797
51.4240 9 IMU_GYRO -0.102051 -2.552979 0.236084
51.4340 9 AIR_DATA 100421.000000 0.000000 26.812500 997.856567 0.000000 -1.000000 -1.000000
51.4340 9 IMU_ACCEL -4.020508 1.531250 -10.824219
51.4540 9 ATTITUDE -0.029752 2.623332 -0.484640
51.5140 9 IMU_MAG 0.176758 1.088867 -1.147461
51.5240 9 IMU_GYRO -0.179688 -2.223145 0.713867
51.5340 9 IMU_ACCEL -7.138672 1.063477 -9.020508
51.6140 9 IMU_MAG 0.471680 0.977539 -0.939941
51.6240 9 IMU_GYRO 0.171143 -1.884521 0.015869
51.6340 9 IMU_ACCEL -8.676758 1.349609 -6.745117
51.6440 9 ACTUATORS 1490,1490,1000,1000
51.6640 9 RC 0,0,0,0,0,0,0,0,0,0,0,0,0,0,0,0
51.6840 9 AIR_DATA 100416.000000 0.000000 26.812500 997.856567 0.000000 -1.000000 -1.000000
51.7040 9 ATTITUDE -0.134842 2.785090 -0.994183
51.7140 9 IMU_MAG 0.533203 0.945801 -0.770508
51.7240 9 IMU_GYRO 0.126465 -0.946045 -0.988525
51.7340 9 IMU_ACCEL -8.967773 0.706055 -5.476562
51.8140 9 IMU_MAG 0.475586 0.929199 -0.661133
51.8240 9 IMU_GYRO 0.111572 -0.816162 -1.143799
51.8340 9 IMU_ACCEL -8.394531 -0.094727 -5.018555
51.8940 9 ACTUATORS 1490,1490,1000,1000
51.9140 9 RC 0,0,0,0,0,0,0,0,0,0,0,0,0,0,0,0
51.9140 9 IMU_MAG 0.445801 0.923828 -0.561035
51.9240 9 IMU_GYRO 0.024414 -0.697021 -0.656494
51.9340 9 AIR_DATA 100406.000000 0.000000 26.812500 997.856567 0.000000 -1.000000 -1.000000
51.9340 9 IMU_ACCEL -6.637695 -1.192383 -3.715820
51.9540 9 ATTITUDE 0.370646 2.235861 -1.177923
52.0140 9 IMU_MAG 0.419922 0.908691 -0.480957
52.0240 9 IMU_GYRO 0.191406 -0.654297 -0.164795
52.0340 9 IMU_ACCEL -8.031250 -2.146484 -4.192383
52.1140 9 IMU_MAG 0.453613 0.884766 -0.418945
52.1240 9 IMU_GYRO 0.314941 -0.686279 0.467041
52.1340 9 IMU_ACCEL -8.728516 -3.138672 -3.720703
52.1440 9 ACTUATORS 1490,1490,1000,1000
52.1640 9 RC 0,0,0,0,0,0,0,0,0,0,0,0,0,0,0,0
52.1840 9 AIR_DATA 100409.250000 0.000000 26.875000 997.856567 0.000000 -1.000000 -1.000000
52.2040 9 ATTITUDE 0.380832 2.270080 -1.304423
52.2140 9 IMU_MAG 0.495605 0.833008 -0.354980
52.2240 9 IMU_GYRO 0.072266 -0.424561 0.547852
52.2340 9 IMU_ACCEL -9.344727 -2.203125 -2.847656
52.3140 9 IMU_MAG 0.547363 0.786621 -0.305664
52.3240 9 IMU_GYRO 0.029785 -0.061523 0.305420
52.3340 9 IMU_ACCEL -9.602539 -0.795898 -1.855469
52.3640 9 GPS 0 0 0 0 0 0 0 0 0 0 0
52.3640 9 SVINFO 0 0 0 0 0 0 0
52.3940 9 ACTUATORS 1490,1490,1000,1000
52.4140 9 RC 0,0,0,0,0,0,0,0,0,0,0,0,0,0,0,0
52.4140 9 IMU_MAG 0.570801 0.738281 -0.285645
52.4240 9 IMU_GYRO 0.011475 0.132812 0.159424
52.4340 9 AIR_DATA 100406.000000 0.000000 26.875000 997.856567 0.000000 -1.000000 -1.000000
52.4340 9 IMU_ACCEL -10.276367 -0.696289 -1.779297
52.4540 9 ATTITUDE 0.043963 2.618583 -1.366761
52.5040 9 ENERGY 12.000000 0.000000 0 0.000000
52.5140 9 IMU_MAG 0.594727 0.715820 -0.282227
52.5240 9 IMU_GYRO 0.080811 -0.435059 0.227539
52.5340 9 IMU_ACCEL -9.139648 -0.337891 -1.010742
52.6140 9 IMU_MAG 0.642578 0.691895 -0.249512
52.6240 9 IMU_GYRO 0.177490 -0.433105 0.312744
52.6340 9 IMU_ACCEL -8.881836 0.033203 -0.638672
52.6440 9 ACTUATORS 1490,1490,1000,1000
52.6640 9 RC 0,0,0,0,0,0,0,0,0,0,0,0,0,0,0,0
52.6840 9 AIR_DATA 100408.750000 0.000000 26.875000 997.856567 0.000000 -1.000000 -1.000000
52.7040 9 ATTITUDE -0.620835 -2.970696 -1.446861
52.7140 9 IMU_MAG 0.684570 0.638184 -0.210938
52.7240 9 IMU_GYRO 0.209473 -0.372314 0.506348
52.7340 9 IMU_ACCEL -9.048828 0.385742 -0.833984
52.8140 9 IMU_MAG 0.730469 0.602539 -0.150879
52.8240 9 IMU_GYRO 0.356445 -0.477783 0.330811
52.8340 9 IMU_ACCEL -7.902344 -0.367188 -0.228516
52.8940 9 ACTUATORS 1490,1490,1000,1000
52.9140 9 RC 0,0,0,0,0,0,0,0,0,0,0,0,0,0,0,0
52.9140 9 IMU_MAG 0.756348 0.554688 -0.087402
52.9240 9 IMU_GYRO 0.750244 -0.101074 0.612793
52.9340 9 AIR_DATA 100402.750000 0.000000 26.875000 997.856567 0.000000 -1.000000 -1.000000
52.9340 9 IMU_ACCEL -8.417969 1.058594 0.008789
52.9540 9 ATTITUDE -1.591346 -1.882010 -1.373696
53.0140 9 IMU_MAG 0.788086 0.515625 -0.025391
53.0240 9 IMU_GYRO 0.388428 -0.229736 0.632080
53.0340 9 IMU_ACCEL -8.361328 1.554688 0.061523
53.1140 9 IMU_MAG 0.797852 0.469238 0.003418
53.1240 9 IMU_GYRO 0.562744 0.143555 0.235107
53.1340 9 IMU_ACCEL -9.669922 2.208008 -0.137695
53.1440 9 ACTUATORS 1490,1490,1000,1000
53.1640 9 RC 0,0,0,0,0,0,0,0,0,0,0,0,0,0,0,0
53.1840 9 AIR_DATA 100407.000000 0.000000 26.937500 997.856567 0.000000 -1.000000 -1.000000
53.2040 9 ATTITUDE -1.649864 -1.689446 -1.251159
53.2140 9 IMU_MAG 0.806152 0.439453 0.054199
53.2240 9 IMU_GYRO 2.061279 -1.947510 0.849121
53.2340 9 IMU_ACCEL -8.848633 2.169922 0.653320
53.3140 9 IMU_MAG 0.797852 0.367188 0.178223
53.3240 9 IMU_GYRO 0.887451 0.057373 -0.883301
53.3340 9 IMU_ACCEL -9.473633 4.374023 2.093750
53.3840 9 GPS 0 0 0 0 0 0 0 0 0 0 0
53.3840 9 SVINFO 0 0 0 0 0 0 0
53.3940 9 ACTUATORS 1490,1490,1000,1000
53.4140 9 RC 0,0,0,0,0,0,0,0,0,0,0,0,0,0,0,0
53.4140 9 IMU_MAG 0.770020 0.426270 0.170898
53.4240 9 IMU_GYRO -0.396729 0.315918 -0.569336
53.4340 9 AIR_DATA 100404.750000 0.000000 26.937500 997.856567 0.000000 -1.000000 -1.000000
53.4340 9 IMU_ACCEL -10.476562 2.824219 0.868164
53.4540 9 ATTITUDE -1.439311 -1.681111 -1.306866
53.5140 9 IMU_MAG 0.764160 0.480469 0.116211
53.5240 9 IMU_GYRO -0.637451 0.274414 -0.227539
53.5340 9 IMU_ACCEL -10.542969 1.698242 0.286133
53.6140 9 IMU_MAG 0.751953 0.500488 0.081543
53.6240 9 IMU_GYRO -0.423340 -0.265869 0.164795
53.6340 9 IMU_ACCEL -10.099609 0.915039 -0.552734
53.6440 9 ACTUATORS 1490,1490,1000,1000
53.6640 9 RC 0,0,0,0,0,0,0,0,0,0,0,0,0,0,0,0
53.6840 9 AIR_DATA 100407.250000 0.000000 27.000000 997.856567 0.000000 -1.000000 -1.000000
53.7040 9 ATTITUDE -1.621729 -1.621729 -1.288026
53.7140 9 IMU_MAG 0.773926 0.472656 0.100098
53.7240 9 IMU_GYRO -0.162598 -0.402100 0.736328
53.7340 9 IMU_ACCEL -10.324219 1.164062 -0.372070
53.8140 9 IMU_MAG 0.806152 0.415527 0.138184
53.8240 9 IMU_GYRO -0.083984 -0.264893 0.626709
53.8340 9 IMU_ACCEL -9.932617 2.002930 0.372070
53.8940 9 ACTUATORS 1490,1490,1000,1000
53.9140 9 RC 0,0,0,0,0,0,0,0,0,0,0,0,0,0,0,0
53.9140 9 IMU_MAG 0.819824 0.374512 0.172852
53.9240 9 IMU_GYRO -0.000977 -0.197754 0.181885
53.9340 9 AIR_DATA 100403.500000 0.000000 27.000000 997.856567 0.000000 -1.000000 -1.000000
53.9340 9 IMU_ACCEL -9.197266 2.561523 0.863281
53.9540 9 ATTITUDE -1.842941 -1.420264 -1.137652
54.0140 9 IMU_MAG 0.821777 0.354004 0.176270
54.0240 9 IMU_GYRO -0.073242 -0.263916 0.045654
54.0340 9 IMU_ACCEL -9.005859 2.910156 1.287109
54.1140 9 IMU_MAG 0.810059 0.348633 0.202148
54.1240 9 IMU_GYRO -0.175537 -0.340332 0.185059
54.1340 9 IMU_ACCEL -8.872070 2.761719 1.468750
54.1440 9 ACTUATORS 1490,1490,1000,1000
54.1640 9 RC 0,0,0,0,0,0,0,0,0,0,0,0,0,0,0,0
54.1840 9 AIR_DATA 100404.750000 0.000000 27.000000 997.856567 0.000000 -1.000000 -1.000000
54.2040 9 ATTITUDE -1.972976 -1.306059 -1.074958
54.2140 9 IMU_MAG 0.829590 0.332031 0.229492
54.2240 9 IMU_GYRO 0.015869 -0.226562 0.161621
54.2340 9 IMU_ACCEL -8.585938 3.234375 1.989258
54.3140 9 IMU_MAG 0.825684 0.307617 0.256836
54.3240 9 IMU_GYRO -0.150879 -0.107422 0.143555
54.3340 9 IMU_ACCEL -8.074219 2.781250 2.260742
54.3940 9 ACTUATORS 1490,1490,1000,1000
54.4040 9 GPS 0 0 0 0 0 0 0 0 0 0 0
54.4040 9 SVINFO 0 0 0 0 0 0 0
54.4140 9 RC 0,0,0,0,0,0,0,0,0,0,0,0,0,0,0,0
54.4140 9 IMU_MAG 0.833984 0.285645 0.265625
54.4240 9 IMU_GYRO 0.000977 0.012695 0.239258
54.4340 9 AIR_DATA 100406.250000 0.000000 27.000000 997.856567 0.000000 -1.000000 -1.000000
54.4340 9 IMU_ACCEL -8.165039 2.971680 2.465820
54.4540 9 ATTITUDE -2.019840 -1.274806 -1.006608
54.5140 9 IMU_MAG 0.837891 0.268555 0.254883
54.5240 9 IMU_GYRO -0.144531 -0.049805 0.257324
54.5340 9 IMU_ACCEL -8.852539 3.492188 2.456055
54.6140 9 IMU_MAG 0.851562 0.261230 0.240234
54.6240 9 IMU_GYRO 0.022217 -0.036133 0.023193
54.6340 9 IMU_ACCEL -8.614258 3.401367 2.584961
54.6440 9 ACTUATORS 1490,1490,1000,1000
54.6640 9 RC 0,0,0,0,0,0,0,0,0,0,0,0,0,0,0,0
54.6840 9 AIR_DATA 100398.250000 0.000000 27.000000 997.856567 0.000000 -1.000000 -1.000000
54.7040 9 ATTITUDE -2.005864 -1.310622 -0.965883
54.7140 9 IMU_MAG 0.843750 0.268555 0.232910
54.7240 9 IMU_GYRO 0.087158 0.051025 0.169189
54.7340 9 IMU_ACCEL -8.900391 3.077148 2.255859
54.8140 9 IMU_MAG 0.853516 0.250000 0.209473
54.8240 9 IMU_GYRO 0.102051 0.108398 0.405273
54.8340 9 IMU_ACCEL -8.637695 3.801758 2.298828
54.8940 9 ACTUATORS 1490,1490,1000,1000
54.9140 9 RC 0,0,0,0,0,0,0,0,0,0,0,0,0,0,0,0
54.9140 9 IMU_MAG 0.863770 0.200195 0.230957
54.9240 9 IMU_GYRO 0.096680 -0.074463 0.637451
54.9340 9 AIR_DATA 100405.250000 0.000000 27.062500 997.856567 0.000000 -1.000000 -1.000000
54.9340 9 IMU_ACCEL -8.289062 4.665039 2.298828
54.9540 9 ATTITUDE -1.945565 -1.370878 -0.858365
55.0140 9 IMU_MAG 0.865723 0.161133 0.232910
55.0240 9 IMU_GYRO 0.218018 -0.195801 -0.030762
55.0340 9 IMU_ACCEL -6.064453 3.778320 3.338867
55.0640 9 ENERGY 12.000000 0.000000 0 0.000000
55.1140 9 IMU_MAG 0.867676 0.181641 0.187500
55.1240 9 IMU_GYRO 0.179688 0.742676 -0.633057
55.1340 9 IMU_ACCEL -8.637695 4.636719 1.893555
